2 12 20
1 3 8 9 10 11 13 14 19 33 34 35 36 38 39 41 42
1 3 4 5 7 8 13 17 18 19 22 24 25 30 31 40 43
13 21 22 23 28 29 33 38 39
11 13 14 27 33
2 29
15 16
13 15 16 33 44
9 18 26
13 19 27
30 33
34 36
8 13 19 37 38 50 58 64 67 68 69 70
1 8 11 13 16 18 28 37 38 51 53 55 58 59 62 63 65 68 70 79
8 13 16 18 22 30 36 38 51 52 57 60 61 64 71 72 80
1 8 14 18 21 28 32 36 38 48 56 73
13 16 33 38 55 77
13 31
9 33 75 76
16 19 28 38 55 62 63 65 70 83
33 76
46 47 49 78 82
15 70 77 81
33 54
33 75
52 58 68
16 38
19 77 108 109
6 16 28 29 30 51 52 56 79 86 103
9 16 30 52 74 77 84 92 98 99 102 105 106 107
12 16 28 29 58 94 96 97 102 103
33 45
2 15 52 77 92 98 101 102 104
15 90 95
22 28 30 41 45 79 102
2 77 79 95 100
90 95
4 76 77 86 87 88
45 81 102
79 89 90 95 100
49 77 91 93
19 37
1 6 8 11 13 19 28 33 34 35 36 38 41 42 51 53 55
3 7 8 13 16 17 18 19 22 24 25 30 31 38 40 43
1 8 13 14 21 23 28 29 32 33 36 38 39 48 56
13 27
28 29
15 16 31
13 15 33 44
9 18 26
13 19 27
30 33
34 36 47
13 19
15 45
1 8 13 38 58 64 67 68 69 70 77
1 8 14 16 18 28 37 38 52 56 58 59 62 63 65 68 70 79
4 8 9 13 16 18 22 30 36 38 51 52 57 61 64 71 72 74 77 80 84 92
1 13 18 21 28 36 73
16 33 38 45 55 77
13 15
16 33 75 76
16 19 22 28 38 41 45 62 63 65 70 79 83
33 76
4 76 78 82 86 87 88
45 70 77 81
33 66
33 75 89 90
52 58 68
16 38 45
77 91 93
19 108 109
9 16 28 30 51 56 81 86 103 110 111 112
16 30 33 40 53 77 98 102 105 106 107
12 16 28 29 58 94 96 97 102 103 108 113 114
2 15 45 52 77 92 98 101 102 104
9 15 33 71 90 95 102
28 30 55 102
2 45 77 79 95 100
33 71 90 95 102
46 77
81 102
79 100
5 11 16 28 51 56 75 77 102 115 116 117 119 120 122 123 124 127 132
9 13 75 77 102 118 121 125
5 22 39 56 77 96 102 126 133
11 14 128
77 115 117 120 124
12 129 131
13 16 53 102 126 142
10 19 28 29 37 77 83 96 102 120 122 126 131 136 137 140 146 152
8 13 30 41 43 71 86 90 99 102 138 143 147 148 149
16 21 24 36 96 102 126 131 136 141 144 150
77 102 122 131 139
16 43 45 77 102 120 134
51 122
102 131
53 142
77 151
50 130 131
77 105 116 145
12 13 15 43 77 102 138 155 163
1 8 12 16 19 39 42 51 53 56 59 102 122 127 137 157 158 159 162 164 166 169 170 171 175
1 2 30 41 53 75 87 98 148 154 156 159 161 162 163
5 8 16 87 102 170
8 12 13 15 45 87 102 160
156 173
8 12 13 19 31 43 53 102 152 155 165
142 166
13 157 159
95 156
135 167
25 102 156
20 34 52 181 187 196
1 6 16 30 32 53 56 96 102 131 135 137 157 170 171 184 192 193 194 197 198 203 204 205
33 53 59 92 102 156 163 168 180 181 182 185 191 201 202
33 96 102 122 131 134 157 171 172
102 131
2 206
2 13 19 45 52 189
31 89 95 137 156 176 188 197 199
13 33 53 58 102 159 178 184 186 190 192 193 194 195 197 207
13 45 187
89 95 156 176
178 186 198
12 177 179 187
16 20 43 102 138 218 219 221 223
30 53 102 122 135 157 174 182 197 200 201 205 208 209 211 215 228 229
15 53 102 105 137 156 157 181 186 205 210 212 215 220 225 226 227 230 231
28 215 234 235
43 102 160 218 233
102 216 223
56 102 122 135 137 174 178 192 205 217 230 231
172 213
156 216
70 137 187 222
135 197
237 242
13 34 122 127 137 153 174 175 182 208 229 240 244 250 251 255 256 257 259
5 30 102 159 172 199 241 246 247 248 249 260 261
21 96 102 241
52 101 137 138 224 237 239 252
33 156
13 102 125 153 197 214 241
245 253 254
45 52 137 237 252
33 156
53 197 237 238
235 243
13 37 43 224 238 242 264
30 53 70 96 122 171 184 192 224 229 238 266 268 270 274 275 286
60 70 90 159 184 200 220 232 262 265 267 269 272 273 281
28 41 224 247 258 276 277 278 279 280 282
33 55 70 218
30 36 55 70 90 102 184 218 224 238 251 264 281 283
1 2 19 284 285
90 281
102 264
8 13 43 70 126 222 224 237 242 291 304
51 53 56 98 122 127 157 184 197 222 224 229 268 288 289 290 292 295 296 298 306 307
53 102 159 165 168 197 224 262 272 297 303
122 222 224
153 278 299
45 155 300 301 302
90 156
21 127 159 290 293 294 305
90 287
19 45 224
171 172
293 294
2 327
3 16 21 34 53 56 122 126 157 163 197 212 224 229 272 274 304 308 310 314 316 319 320 321 323 324 326
70 71 159 237 242 267 272 286 304 305 311 312 313
21 34 224 242 308 323 324 325
318 328
71 102 122 135 192 272 304 316 322
247 309
304 305
13 19 20 37 38 50 58
8 13 19 28 33 34 35 36 38 39 41 42 51 53 55
3 13 16 19 22 24 25 30 31 38 40 43 52 61
1 8 13 14 18 21 22 23 28 29 32 33 36 38 39 48 56
11 13 27 33 38 55
28 29
15 16 31
9 13 15 33 44
9 26 57
13 19 27 28 55
30 33
34 36 47 49
13 19
15 45
8 12 13 64 67 68 69 70
3 8 9 16 18 28 37 38 52 58 59 62 63 65 68 79
1 4 13 16 18 30 36 38 57 60 64 71 72 74 80
1 13 21 28 36 73
16 33 38 77
16 33 76
16 19 28 38 62 63 65 70 83
33 76
46 78 82
70 77 81
33 66
33 75
52 58 68
16 38
19 77 108
11 16 28 29 30 56 79 86 103
8 9 22 30 51 52 77 84 92 98 99 102 105 106 107
12 16 28 29 58 94 96 102 103
33 45
2 15 77 92 98 101 102 104
15 75 90 95
22 28 30 41 45 79 102
2 77 79 95 100
90 95
4 76 77 86 87 88
45 81 102
79 89 90 95 100
77 91 93
5 16 28 34 51 56 75 77 81 102 110 111 112 115 116 117 119 120 122 123 124 127 131 132
9 13 16 33 40 53 75 77 90 102 118 121 125
5 28 36 39 56 77 96 102 108 113 114 126 131 133
15 45
33 71 102 128
77 115 117 120 124
33 71 102
12 50 129 130 131
1 13 15 16 53 102 126 142
12 19 37 51 53 77 83 96 102 120 122 126 131 136 137 140 146 152
8 13 30 41 43 71 86 102 138 143 147 148
5 16 21 24 102 131 136 141 144 150
77 102 122 131 139 153
16 43 45 77 102 134
51 122 152
77 105 116 145
13 43 102 138 155 163
1 6 8 10 16 19 42 53 56 59 102 122 127 157 158 159 162 164 166 169 170 171 174
2 5 7 53 75 87 148 149 154 156 159 161 162 163
8 16 87 102 170 172
8 12 13 15 19 45 87 102 160
156 173
8 12 13 19 31 43 53 102 155 165
142 166
135 167
25 102 156
34 77 181 187
1 13 16 53 56 59 70 102 157 170 184
53 59 92 102 159 163 168 180 181 182 185 191
102 131
45 52 189
95 156 176 188
13 53 58 102 159 178 186 190
13 45 157 159 187
95 156 176
177 179
34 52 181 187 196
1 11 30 53 96 102 135 137 157 171 192 193 194 197 198 200 203 204 205 208 209
138 156 201 202
33 96 102 122 131 157 171
2 13
31 89 137 197 199
53 102 178 192 193 194 195 197 207
178 198
2 16 43 138 218 219 221
30 32 53 102 122 135 157 174 197 211 215
33 102 157 159 181 186 205 210 212 215 220
28 96 97 215
43 52 102 160 218
102 216
33 53 56 102 122 135 174 184 205 214 217
16 142
135 197
20 102 223 224 237 242
14 28 102 122 137 175 182 201 205 228 229 240
8 15 53 105 137 156 186 199 220 225 226 227 230 231 232 241
235 241
52 233 239
13 102 137 230 231 241
2 172
45 52 237
53 137 187 222 237 238
238 264
6 13 122 127 153 175 182 192 208 229 238 244 250 251 255 256 257 259
17 30 102 159 172 200 220 246 247 248 249 260 261 262 265 267
21 96 102 234 258
52 101 120 137 138 224 237 252
33 156 263
18 258
36 102 125 153 197 238 251 264
19 245 253 254
137 252 264
33 229
33 156
13 37 43 224 242 264
30 70 96 122 171 184 229 266 268 270 274 275
70 90 184 262 265 269 272 273 281
41 247 276 277 278 279 280 282
14 55 70 218
15 43
30 55 70 90 192 218 224 281
90 281
12 19 37 38 50
8 9 13 19 28 35 36 38 39 41 42 51 53 55
1 16 19 24 25 30 31 40 43 52
1 13 14 18 22 28 32 33 36 38 39 48 56
11 13 33 38 55
15 16 31
13 33 44
9 26
30 33
34 36 46 47 49
13 19
15 45
8 13 58 64 67 68 69 70
1 6 16 18 28 33 34 37 52 58 59 62 63 65 68 70 79
5 8 13 16 18 30 36 38 60 61 64 71 72 74 80
1 8 21 28 36 73
16 33 77
13 15
9 16 33 75 76
18 57
16 28 38 55 62 63 65 70
33 76
78 82
70 81
33 54 66
33 75
52 58 68
8 13 16 28 29 38 51 56 79 86 103
4 9 13 22 51 52 57 77 84 92 98 99
16 28 94 96 97 102 103
38 45
15 77 101 102 104
90 95
13 19 22 28 30 41 45 83 102
79 95 100
90 95
4 76 77 86 87 88
45 77 81 102
79 89 90 100
38 45
77 91 93
19 108 109
28 30 34 51 56 75 77 81 102 110 111 112 115 116 117 119 120 122 123 124 127
13 16 30 33 40 53 77 98 102 105 106 107 121 125
5 12 28 29 39 56 58 77 96 102 108 113 114
33 128
2 15 45 77 98
15 33 71 102 128
77 79 115 120 124
2 45 77
33 71 102
16 20 53 102 142
1 5 10 16 19 37 53 77 83 102 120 122 126 127 131 136 137 140
3 9 18 41 75 77 86 90 102 118 138
13 16 21 24 28 36 77 96 102 126 131 133 136 141
27 102 131 139
16 43 45 77 120
102 131
53 134
12 50 129 130 131
77 105 116
13 15 43 102 126 155
8 12 16 51 53 56 59 96 122 127 146 152 157 158
2 8 13 30 41 43 71 143 147 148 149 154 156 159 161
5 8 16 126 144 150
77 122 153
8 52 87 92 102 134 160
8 13 31 43 51 102 122 152 155
142 159
25 156
34 102 163 181
1 8 11 19 42 53 59 102 122 157 159 162 164 166 169 170 171 174 175
53 75 87 102 148 159 162 163 180 182
21 29 87 170 172
102 131
13 15 19 45
95 156 173 176
12 13 19 53 102 155 165 178
142 166 183
13 157
95 176
135 167
12 177 179
77 138 181 187 196
8 11 14 16 53 56 157 170 171 184 192 193 194 197 198
7 22 33 53 59 102 163 168 181 191
23 102 134 157 171
45 52 189
137 156 188 199
13 33 53 102 159 184 186 190 192 193 194 195 197
13 45 187
95 156
178 186 198
1 2 34 52
1 3 30 32 53 96 102 135 137 157 171 197 200 203 204 205 208 209 211
156 186 201 202 205 210
33 96 102 122 131
2 12 13
31 89 197
102 122 178 207
16 20 43 102 138 218 219 221 223 224
16 110 122 135 157 174 197 201 205 215 228
17 102 157 159 181 212 215 220 225 226 227
28 215
43 102 160 218
102 216 223
56 102 135 174 205 217
156 216
70 187 222
135 197
237 242
6 102 122 137 175 182 208 229 240
15 25 53 92 105 137 156 172 185 186 199 230 231 232 241
234 235 241
52 233 239
13 58 102 137 192 214 230 231 241
2 172
45 52 237
53 137 237 238
235 243
13 122 127 132 153 182 244 250 251 255 256 257 259
8 30 102 159 200 220 246 247 248 249 260 261 262
21 96 102 258
52 101 137 138 224 237 252
15 33 156
43 102 125 153 197
245 253 254
137 252
33 156
8 13 38 58 64 67 68 69
1 16 18 28 37 38 52 53 55 58 59 62 63 65 68 70 79
16 18 30 36 38 60 61 64 71 72 74 80
1 8 21 28 36 48 56 73
13 16 38 55 77
9 33 44 75 76
16 28 38 55 62 63 65 83
30 33 76
78 82
33 54 66
33 75
52 58 68
16 38
70 77
8 16 28 29 30 51 56 79 86 103
3 9 52 57 77 84 92 98 99 102 105 106
16 28 58 94 96 97 102 103
33 45
2 15 77 102 104
15 90 95
19 22 28 30 41 45 70 79 102
2 16 79 95 100
90 95
4 46 47 76 77 86 87 88
45 70 77 81 102
79 89 90 95 100
77 91 93
108 109
28 34 51 56 75 81 110 111 112 115 117 119 120 122 123
16 22 30 33 40 51 53 77 98 107 118 121
12 28 29 38 77 96 108 113 114
15 45 52 92 98
33 71 102
19 115 117 120
45 77
33 71 102
5 13 16 37 53 56 77 102 116 122 126 127 131 132 136 137
9 13 41 52 75 77 90 102 125
5 36 39 56 77 96 102 126 131 133
12 129 130 131
13 15 16 53 102 126 142
12 19 51 56 83 96 102 120 122 131 137 140 146 152
8 13 25 30 41 43 71 86 102 138 143 147 148 149
5 13 16 21 22 24 29 102 131 141 144 150
77 102 131 139 153
16 43 45 77 102 120 134
31 51 122 152
53 142
77 105 116 145
13 43 102 155
8 16 19 53 59 77 122 124 127 157 158 162 164
2 148 154 156 159 161 163
8 16 18 32
33 122
8 12 13 15 16 45 87 102 160
13 156
8 28 43 53 102 124 155 165
142 166
13 157 159
1 2 12 19 20 50 77 138
1 6 8 9 10 11 13 14 38 42 53 59 77 102 122 169 170 174 175
1 4 7 8 19 25 30 53 75 87 159 162
13 14 87 102 170 172
14 38
2 29
13 19 45
95 156 173 176
12 13 19 53 102 155
95 176
12 179
34 181 187
16 28 34 38 41 42 53 56 77 157 159 170 171 184 192 193 194
5 13 22 30 33 53 59 92 102 163 168 180 181 182 185 191
1 23 38 134 136 157 171
102 131
15 45 52 189
16 156 188
13 33 53 58 102 178 184 186 190 192 193 194 195
13 45 187
177 187
34 37 52 181 187 196
1 3 19 30 32 33 36 53 96 102 122 135 137 157 171 197 198 200 203 204 205 208 211
40 43 102 156 157 181 186 201 202 205 210 212
21 28 33 96 102 131
2 13 43 101
15 31 89 137 197 199
27 102 122 135 178 197 205 207 217
45 187
89 216
70 178 198
16 20 43 102 138 218 219 221 223 224 237
30 39 102 122 157 174 182 201 205 209 215 228 229
15 18 24 31 53 105 137 156 159 186 215 220 225 226 227 230 231 232
28 39 215 234 235
31 102 160 218 233
102 216 223
13 56 135 137 159 174 192 230 231
2 36 172
25 53 137 187 222 237 238
135 197
19 163 242
13 35 122 137 153 166 171 175 208 229 240 244 250 251 255 256 257
30 102 159 172 199 241 246 247 248 249
13 21 96 102 122 241
52 101 137 138 224 237 239 252
33 156
13 102 125 153 197 214 241
49 245 253 254
45 52 137 237 252
33 156
235 243
37 43 224 238 242 264
30 96 122 127 171 182 184 192 229 238 259 266 268 270 274 275
13 17 70 159 184 200 220 260 261 262 265 267 269 272 273
30 36 238 251 264
19 34
1 8 13 19 38 58 64 67 68 69
1 3 16 18 28 37 42 52 55 58 59 62 63 65 68 70 79
5 13 16 30 36 38 60 61 64 71 72 74
21 28 56 73
13 33 77
9 33 75 76
27 28 55 62 63 65 70
33 76
70 81
33 66
33 75
52 58 68
8 16 29 33 34 38 56 79
9 18 22 24 52 77 84 92
1 8 14 16 21 23 28 36 58 94 96
38 45
16 19 22 28 38 41 45 79 83
4 76 82 86 87 88
45 77
89 90
77 85
16 38 45
77 91 93
19 37 108
11 14 28 30 51 86 103
22 40 51 57 98 99 102 105 106
13 29 36 96 97 102 103
11 14 33 38
15 77 101 102 104
28 30 102
79 95
34 77
81 102
79 95 100
12 70 109
28 34 51 56 75 77 81 110 111 112 115 116 117 119 120 123 124
16 33 40 53 77 98 102 118 121
28 38 77 96 108 113 114
2 15 45 52 77 92 98
33 71 102
77 115 117 124
2 45 77
33 71 102
1 5 16 19 37 53 56 77 102 122 126 127 131 132 136 137
9 13 17 19 25 30 41 75 77 90 125
5 36 39 56 77 96 102 126 131 133 136
13 15 128
12 50 129 130 131
13 16 53 102 142
9 10 19 28 35 41 51 96 120 122 131 137 140 146
13 41 102 138 143 147
1 16 21 24 33 131 141 144
102 122 131 139
15 16 43 45 77 120 134
51 120 122
15 53 142
77 105 116 145
13 15 20 43 102 126 155
12 53 56 83 122 127 152 158
1 2 4 8 30 31 43 71 107 148 149 154 156 161
5 8 12 13 18 28 38 150
77 153
8 87 102
8 13 31 43 102 152 155
13 102
8 11 13 16 36 53 59 122 157 162 164 169
87 159 163
13 16 22 29 32 48 102
12 13 15 19 31 45 102 160
13 19 43 53 102 155 165
142 166
13 157
135 167
34 77 138 163 181
1 13 19 28 39 42 51 53 59 102 122 159 166 171 174 175
3 8 18 25 53 75 77 102 148 162 180
33 87 170 172
95 156 173 176
12 53 178
36 47
95 176
12 177 179
50 187
8 16 28 53 56 157 170 171 184 192
30 33 38 43 53 59 92 163 168 181 182 185 191
16 28 134 157 171
102 131
45 52 189
16 188
13 19 33 53 58 102 184 186 190 192
13 45 187
34 52 181 187 196
1 8 30 38 96 102 135 170 171 193 194 197 200 203 204 205 208 209
80 86 156 201 202
33 96 102 122 131
13 16
2 206
2 13 16
31 89 156 197 199
53 102 159 178 193 194 195 197 207
156 178 198
2 16 43 138 218 219
6 30 32 53 102 122 135 137 157 174 197 198 211 215
7 52 102 157 159 181 186 205 210 212 215 220
28 39 215
43 102 160 218
102 137 216
9 26
56 102 122 135 174 205 214 217
46 213
135 197
8 13 19 67 68 69 70
1 8 14 18 28 37 52 55 58 68 70 79
1 5 13 16 18 30 31 36 61 64 71 72 74 80
1 14 21 28 36 39 73
16 27 33 38 77
13 15
33 44 75 76
16 27 28 38 65 70
30 33 76
78 82
70 81
33 66
33 75
58 68
64 77
11 13 16 28 29 38 79
9 22 51 52 57 77 92 98 99
28 58 94 96 97
33 45
33 95
19 22 28 41 45 55 79 83
4 34 76 86 87 88
45 77
89 90 95
38 45
77 91 93
2 19 108 109
3 6 19 30 38 51 59 86 103
16 30 33 77 98 102 106 107
12 13 16 28 96 102 103
2 15 31 45 52 77 92 98 101 102 104
15 16 90
28 30 102
2 45 77 79 100
90 95
81 102
79 100
20 38
1 28 34 56 75 81 110 111 112 115 116 117 119 120 122
8 22 40 53 77 84 105 118 121
8 21 28 29 96 108 113 114
13 14
13 15 33 71 102
28 115 117 120
33 71 102
5 16 33 51 56 77 102 122 123 124 127 132
3 9 13 75 102 125
5 18 33 36 39 56 77 96 102
77 124
15 134
12 50 129 130 131
13 16 53 102 142
11 19 37 51 53 77 83 96 102 120 122 126 127 131 136 137 140
41 86 90 102 138 143
16 21 24 48 96 102 126 131 133 136 141 144
102 122 131 139
16 43 45 77 120 134
46 49
102 131
53 142
77 105 116 145
13 15 37 43 58 102 126 155
8 12 42 51 53 56 63 122 127 146 152 157 158
2 8 13 43 71 147 148 154 156
5 13 23 28 33 38 77 150
77 153
8 102 160
9 156
8 13 31 43 51 62 152 155
25 156
13 77 102 138 163
8 16 19 39 53 59 102 122 159 162 164 166 170 171
13 16 19 24 25 30 53 75 87 148 149 159 161 163
16 22 32 87 102 126 170 172
12 13 15 19 45 87
12 19 53 102 155 165
142 166
13 157
135 167
34 181 187
1 8 13 34 36 41 42 53 59 102 169 174 175 184
4 8 17 33 43 77 92 102 162 180 181 182 185
13 134
11 102 131
2 29
45 52
95 173 176 188
13 33 53 58 102 178 184
13 45
95 176
12 49 177 179
168 187
34 50 52 181 187 196
6 16 30 35 53 56 77 96 102 157 170 171 192 193 194 197 198 200
7 38 53 59 60 163 168 191 201 202
29 33 56 102 157 171
2 13 16 189
31 137 156 188 197 199
53 63 102 159 178 186 190 192 193 194 195 197
36 47
18 178 198
1 9 10 30 32 38 53 102 122 135 137 157 171 197 203 204 205 208 209 211 215
25 30 52 102 156 157 181 186 205 210 212
8 28 96 122 131
13 38 102
89 216
13 102 122 135 205 207 214 217
89 216
1 16 20 43 102 138 218 219 221 223 224
53 62 65 122 174 201 205 215 228 229
18 40 137 159 215 220 225 226 227 230 231
38 215
102 160 218
102 223
56 102 135 137 174 230 231
187 222
135 197
8 13 67 68 69 70
1 8 13 16 18 28 37 38 52 58 63 65 68 70 79
1 13 16 18 22 30 36 51 57 60 61 64 71 72 74 80
1 21 28 36 73
16 27 38 77
33 75 76
16 19 28 38 63 65 70 83
33 76
36 46 78 82
70 77 81
33 66
33 75
52 58 68
16 38
2 77
14 16 28 29 30 39 51 56 79 86
9 22 30 38 52 77 84 92 98 99
13 16 28 38 39 56 58 94 96 97
38 45
15 101
13 44 90 95
28 30 41 45 55 62 79
79 95 100
90 95
4 76 77 86 87 88
15 45 81 102
79 89 90 95 100
77 91 93
12 19 108 109
28 56 59 81 103 110 111 112
16 25 30 33 40 53 77 98 102 105 106 107
1 12 28 29 32 96 102 103 113 114
2 15 45 52 77 92 98 102 104
15 33 71 102
22 28 102
2 45 77
33 71 102
13 58
5 11 16 33 34 37 51 53 56 75 77 102 115 116 117 119 120 122 123 127 131 132 136
3 9 13 31 75 77 90 102 118 121 125
5 13 23 36 39 48 56 77 96 102 126 131 136
33 128
77 115 117 120 124
12 50 130 131
13 15 16 38 53 102 126 142
12 19 38 51 53 55 77 83 96 102 120 122 124 126 131 137 140 146
13 18 24 30 41 43 71 86 102 138 143 147 148 149
16 18 24 102 131 133 141 144
55 77 102 122 131 139
16 43 45 77 120 134
28 51 122
13 102
53 142
77 105 116 145
1 13 19 20 43 50 102 155
6 8 16 19 56 59 110 122 127 152 157 158 162 164
4 5 8 16 38 148 154 159 161 163
5 8 14 16 21 22 28 36 108 150
14 153
8 12 15 45 102 160
8 13 31 43 102 152 155
77 102 138 163
1 3 42 53 59 102 122 166 169 170 171 174 175
2 43 53 75 87 156 159 162
16 33 102 170 172
13 19 45 102
95 156 173
12 13 19 53 102 155 165
13 157
156 176
135 167
34 181 187
10 16 36 53 62 102 157 159 184
33 92 102 180 181 182 185
87 134
13 102 131
45 52
176 188
13 33 53 58 102 178 184
13 45
12 177 179
34 181 187
16 34 38 51 53 56 102 157 170 171 192 193 194 197 198 200
25 53 59 163 168 191
29 33 102 157 171
11 13 33
2 16 87 189
31 33 137 156 188 197 199
53 102 159 178 186 190 193 194 195 197
45 187
178 186 198
16 52
1 30 32 35 53 96 102 122 135 137 157 171 197 203 204 205 208 209 211 215
102 156 157 181 186 201 202 205 210 212
28 38 96 122 131
13 15 43 102
89 102 216
102 122 135 192 205 207 214 217
89 216
20 37 43 102 138 196 218 219 221 223 224
1 28 42 102 122 174 182 201 205 215 228 229
7 15 17 30 40 53 105 137 156 159 186 215 220 225 226 227 230 231 232
21 215 234 235
15 160 233
16 223
56 135 137 174 192 230 231
187 222
135 197
64 237 242
9 19 41 137 175 208 229 240 244 250 251
8 13 19 30 102 159 172 199 241 246 247 248 249
8 21 33 241
52 137 138 218 224 237 239 252
9 156
26 57
13 19 27 102 125 197 241
2 245 253 254
45 52 137 237 252
53 137 237 238
235 243
13 37 102 224 264
30 53 70 96 122 157 184 224 229 274 286
13 90 138 246 262 265 269 272 273 281
23 28 38 41 224 276 277 278 279 282
55 70
90 156
30 51 55 70 90 102 127 155 159 184 224 283
90 287
1 284 285
102 142
52 283
2 13 43 70 126 224 237 242 291 304
9 51 53 56 98 122 127 157 197 208 224 229 238 268 288 290 292 295 296 298
53 92 197 224 262 272 297 303
13 122 224
153 278 299
155 300 301
21 53 264 290 293
19 45
6 16 21 53 56 110 119 122 126 157 163 192 197 212 222 224 229 272 274 304 308 310 316 319 320 323 324 326
2 31 38 70 71 105 156 159 237 267 272 286 311 312 313
21 96 222 224 242 308 325
15 45 52 77 302 318
27 30 71 102 135 218 304 316
86 247 309
224 322
135 171
1 8 12 13 15 16 19 20 34 43 45 50 52 64 67 68 69 70 77 102 108 109 126 138 142 155 163 181 187 196 219 221 223 224 237 242 299 304 327
1 5 8 10 11 12 13 14 16 18 19 28 30 32 33 34 35 36 37 38 41 42 51 52 53 55 56 58 59 62 63 65 68 70 75 77 79 81 83 86 96 102 103 110 111 112 116 120 122 123 124 126 127 131 132 135 136 137 140 146 152 153 157 158 159 162 164 166 169 170 171 174 175 182 184 192 193 194 197 198 200 201 203 204 205 211 215 228 229 240 244 250 251 255 256 257 266 268 270 275 299 304 305 306 307 314 321
1 3 5 8 9 13 15 16 17 18 19 22 24 25 30 33 36 38 40 41 43 51 52 53 59 60 61 64 71 72 75 77 80 84 86 87 92 98 99 102 105 106 107 118 121 125 137 138 143 147 148 154 156 157 159 161 162 163 165 168 172 180 181 182 185 186 191 200 201 202 205 210 212 220 225 226 227 230 231 232 241 242 247 248 249 260 261 262 264 265 267 299 304 305 310 312 325 332 333
1 5 8 12 13 14 16 18 21 24 28 29 32 33 34 36 38 48 56 73 77 87 94 96 97 102 103 108 113 122 126 131 133 134 136 141 144 150 157 170 171 172 215 224 234 235 241 258 280 323 324 329 335
13 27 33 38 45 55 77 102 122 128 131 139 153 272 304 336
28 206
2 8 12 13 15 16 19 31 43 45 52 77 87 98 101 102 104 134 137 138 160 189 218 224 233 237 239 252 301 328
9 13 15 31 33 44 75 89 90 95 102 128 137 156 173 188 197 199 216 223 263 301
9 18 26 57
8 12 13 16 19 22 28 30 31 33 36 38 41 43 45 53 55 56 58 62 63 65 70 77 83 102 115 117 120 122 124 125 135 137 153 155 159 165 174 178 184 186 190 192 193 194 195 197 207 214 231 238 241 242 251 272 294 322 332 334
2 16 45 77 79 95 100
30 33 71 76 89 90 95 102 135 263
2 34 36 46 47 49 76 77 78 87 88 142 166 172 183 213 245 253 254
13 19 102 131
13 16 45 52 53 70 77 81 102 134 137 159 187 237 252 264
13 31
33 54 66 89 229 304
33 79 89 95 100 156 176 216
58 68 86 135 167 236
18 25 33 53 70 102 137 155 156 171 178 186 187 197 198 222 237 238 241 295 331
77 85 151
38 45 122 155
77 264
12 49 91 177 179 187 222
102 108 168 187
12 50 130 131 235 243
135 197
77 105 116 145
59 272 304 330
89 304 305
192 294 304 330
8 13 237 241 264
16 19 21 28 39 51 56 102 122 127 182 184 204 208 215 272 283 286 289 341 348 349 350
16 21 30 33 68 102 149 272 301 325 337 339 345 346 347
39 77 114 338 343
16 33 272 340
15 120 340
156 159 340
52 56 159 197 229 230 237 272 301 348 349 350
68 148 320 342 343 348
52 237 242
237 282 344
43 52 138 222 273 323 359
15 30 51 53 115 122 135 157 174 204 215 304 320 325 348 350 351
30 68 87 184 282 337 345 352
304 350
354 355 356
33 71 76
16 53 152 205 264 304 305 325 348 350 352 360
51 184
13 38 43 53 340
16 53 56 63 122 175 184 215 272 348 360 362 367 368 369
4 8 16 70 74 87 311 337 340 352 361 365 366
39 56 122 325 363
184 217 281 325 348
90 156 176
53 56 68 102 123 134 184 364 370
43 371
1 13 28 39 53 102 134 157 159 232 319 335 337
52 57 102 142 148 162 165 171 224 241 319 325 351 362 371 372 373 374 376
352 377
43 45 375 377
31 135 157 184 240 295 337 370
15 45
157 162 184 241 337 378
218 366 379
3 102 122 382 383
30 90 304 380 383 386
102 122 135 295 381
156 381 388
381 388
267 342 384
136 387
138 352
58 168 242
28 53 59 79 102 120 157 171 208 209 259 341
159 200 229 304 370 383 384 391 397
13 16 22 58 341 369 398 400
45 102 353 392 395
272 377 381 393
79 309 385 390
157 353 358 392 395
33 388 389
15 43 52 87 242
11 16 53 55 117 122 157 201 208 215 235 274 292 325 408
7 13 159 402 403 407
21 25 28 246 338 404
11 55
2 29 404
15 92 375
16 89 156 176 388 409
9 16 51 55 122 126 157 317 370
401 405
388 409
238 242 267 272
8 29 38 102 122 157 182 184 227 244 403 429
68 156 159 184 199 215 224 273 409 410 412 413 423 426
52 102 122 137 184 199 247 406 420
14 390
101 424 425
415 417 418 421 423
19 52 227 325 335 375 378 406 414 427
89 415
39 135 199 227 401 403 411 416 419
242 264 428
77 93 126
129 422
262 382 403
264 336
2 20 58 67 68 69 70
1 3 8 11 18 28 36 37 38 52 58 62 68 70 79
3 4 5 9 13 16 17 18 22 25 30 36 51 52 57 64 71 72 74 80
1 28 29 36 73
16 38 77
15 75 76
16 19 28 38 70 83
46 47 49 78 82
70 77 81
33 66
52 58 68
16 38
19 77
8 16 28 29 30 41 42 51 55 56 79
19 30 52 60 77 92 98 99
16 21 39 58 94 96 97
33 45
33 95
22 28 30 41 45 55 65 79
95 100
4 34 76 87 88
45 81
33 89 95 100
77 91 93
19 108 109
28 56 65 75 81 86 103 110 111 112 115 116 117
1 16 30 33 40 53 77 84 98 102 105 106 107 118
12 21 28 29 96 102 103 108 113 114
2 15 45 52 77 92 98 101 102 104
15 33 71 90 102
102 115 117
2 45 77 79
33 71 90 102
79 90
5 9 11 16 34 51 53 56 77 102 119 120 122 123 124 127 131 132 136
9 13 38 75 77 90 102 121
5 33 36 39 56 77 96 102 126 131 133
38 55 128
44 128
19 77 120 124
15 45 134
12 50 129 130 131
1 13 16 38 53 102 142
16 19 37 51 53 77 83 96 102 122 126 131 137 140 146
13 38 41 61 86 102 125 138 143 147
16 21 24 28 38 102 131 136 141 144
77 102 122 131 139
16 43 45 77 102 120 134
53 142
77 105 116
13 15 43 64 102 155
8 12 14 16 19 53 59 122 127 152 158 162 164
2 8 30 43 148 149 154 156 159 161 163
5 8 16 48 150
14 153
8 12 13 15 45 87 102 160
13 156
8 13 31 43 53 102 152 155 165
142 166
13 157 159
25 156
13 34 77 138 163
1 19 35 42 53 59 122 157 166 169 170 171 174 175
22 43 53 75 87 159 162
13 87 102 170
13 19 45
16 95 156 173 176
12 13 19 102 155 178
95 176
12 177 179
37 181 187
16 33 53 56 59 102 120 157 170 184 192 193
53 59 92 102 163 168 180 181 182 185 191
32 38 134 171
15 45 52 189
156 188
13 53 58 102 122 159 186 190 192
36 183
13 45 187
34 52 126 181 187 196
10 30 32 38 39 53 96 102 127 135 137 157 171 194 197 198 200 203 204 205 208 209 211
30 40 156 186 201 202 210 212
33 96 102 122 131 157
2 13
9 31 89 137 199
53 102 122 178 193 194 195 197 207
13 19
16 20 43 102 138 218 219 221 223 224
1 13 28 102 122 135 157 174 182 197 201 205 215 228 229
7 8 15 53 71 102 105 137 157 159 181 186 205 215 220 226 227 230 231 232
8 22 28 36 215 234 235
11 102
15 16 31 43 102 160 218 233
102 216 223
56 102 135 137 174 192 205 214 217 230 231
2 86 213
156 216
70 187 222
135 197
8 12 13 50 237 242
6 13 38 51 53 63 102 137 159 175 208 229 240 244 250 251 255
24 30 33 77 102 156 159 172 199 225 241 246 247 248 249
13 14 18 21 23 28 172 241
13 102 131
52 137 138 237 239 252
156 197
13 33 62 63 102 125 184 197 241
172 245 253 254
45 52 137 237 252
53 137 178 237 238
235 243
238 264
13 34 122 127 153 182 192 238 256 257 259 266 268
31 159 184 200 220 260 261 262 265 267
1 56 96 102 258
27 33
52 101 224 237
33 263
18 258
13 27 36 102 153 238 251 264
33 263
33 229
33 156
20 58 64 77
8 11 16 28 36 37 38 39 52 56 70 79
13 16 18 22 25 36 51 57 64 71 74 77 80 84 92
1 13 14 28 36 73
38 45 77
13 16 75 76
16 19 22 28 38 41 55 83
4 36 76 78 82 86 87 88
45 77 81
89 90
77 85
16 38 45
2 8 12 13 19 108
16 19 28 29 30 38 51 79 86 103
9 19 24 30 43 52 98 99 102 105 106 107
12 13 16 22 29 38 48 58 94 96 102 103
16 33 38
15 77 101 102 104
15 90 95
18 57
19 28 30 70 79 102
77 79 95 100
90 95
81 102
79 95
77 93
28 34 51 55 56 75 81 110 111 112 115 116 117 119 120 122 123
8 16 33 38 40 52 53 60 77 102 118 121 125
1 8 21 28 32 56 77 108 113 114 126
2 15 16 45 52 77 92 98
33 71 102
63 77 115 117 120
2 45
33 71 102
19 67
5 8 9 16 33 35 37 51 53 56 58 77 102 122 124 126 127 131 132 136 137
4 7 9 13 17 41 75 77 90
5 28 33 36 39 77 96 102 126 131 133 136
11 33 128
33 128
9 26
13 27 45 62 124
30 33 135
15 134
12 50 129 130 131
13 15 16 37 43 53 70 102 126 142 155
1 12 19 51 53 56 77 83 96 102 120 122 127 131 137 140 146 152 157
3 8 13 30 41 43 71 86 102 138 143 147 148 149 154
5 16 21 36 102 131 141 144 150
77 102 122 131 139 153
16 31 43 45 77 102 120 134
13 31 43 51 122 152 155
46 47
53 142
77 105 116 145
13 50 102
8 11 13 14 16 19 34 53 59 122 158 162 164 169
2 22 31 148 156 159 161 163
8 16 56
8 12 13 15 19 45 87 102 160
12 19 43 53 102 155 165
49 142 166
13 157 159
135 167
34 77 138 163 181
1 3 13 18 41 42 53 59 102 157 159 166 170 171 174 175
8 30 33 40 53 87 92 102 159 162 180 181 182 185
13 18 23 24 29 87 96 102 170 172
55 102 131
13 15 45
95 156 173 176
13 33 53 58 65 102 178 184
95 176
68 135
18 102 186
12 177 179
187 196
16 53 56 59 62 157 170 171 184 192 193 194
1 18 25 53 75 163 168 191
38 97 134 157 171
27 33
156 188
13 28 53 102 159 186 190 192 193 194 195
75 156
34 38 52 181
1 6 10 30 65 96 102 135 137 157 171 197 198 200 203 204 205 208 209
5 30 38 61 72 156 201 202
28 33 96 102 122 131
2 13 189
9 31 89 137 197 199
53 102 178 197 207
70 187
178 198
16 20 43 102 138 218 219 221 223 224
30 42 53 102 122 135 157 174 197 205 211 215 228 229
30 59 102 137 157 159 181 186 205 210 212 215 220 225 226 227 230
28 39 215
43 102 160 218
102 188 216 223
56 102 122 135 137 174 205 214 217 231
16 187
156 216
70 187 222
135 197
1 68 69 237 242
30 32 68 102 137 175 182 201 208 229 240 244 250 251
15 16 30 53 102 105 156 159 172 199 220 231 232 241 246 247 248 249
21 234 235 241
52 137 138 224 233 237 239 252
8 13 102 125 192 197 230 241
2 77 172 245 253
45 52 137 237 252
53 137 237 238
235 243
