21 22
23 29 44
20 37
6 12 17
7 45
21 23 25 28
3 34 36 41 42
2 9 14 23 26 31
2 3 9 10
5 16
15 111
45 161
27 118
12 47 55 175
50 91
9 25 26 61 76 145
54 86 124
7 13 131
3 14 17 41 42 69 70 71 94 160
37 54
6 25 31 54 59 115 135 177
3 8
19 102
22 23 82 84 116 171
20 38
125 176
98 168 172
3 21 57 74 82 88 89 103 105 127 132 139 156 170
128 129
87 100 123
10 49 57 77 101 141 142 149 151 154
21 78
9 21 48 82 90 95 98 114 166 169
32 155 164
96 121
99 110 134
24 93
23 44 71 104 105 120 122 130 147 157 166
92 106 113 118
3 51
81 126 167
2 17 39 43 54 58 72 80 83 99
16 63 107 153 163 167
20 33 56 71 117
23 29 34 119
9 52 108
33 35
71 103
79 138 158
2 3 23 28 36 66 85 133 159 174
53 160
5 104
4 112
62 152
7 13 87 208 272 303
23 137 207
6 22 28 29 36 39 57 82 90 105 114 132 139 141 147 169 177 178 183 215 222 224 227 233 256 270 272 293 316 322 375
8 16 153 177 225 245 319
67 176
172 211 247 319
54 351
25 41 82 98 135 159 166 185 199 244 265 267 361
38 136
9 160
46 54 200 269 367
64 165 179
98 110 123 194 268 297 311 332
24 118 304 324 373
3 57 76 83 99 116 122 149 272 305 325 341 343 374 385
3 124
54 112 144
75 190
21 100 126 167 289
97 236
21 25 26 34 44 80 151 166 186 208 213 219 243 272 277 298 307 312 384
240 376
113 274
24 60 155 221 251 272 317
19 20 45 185 214 216 343 355
27 272
24 40 109
3 10 17 23 54 58 59 71 82 88 198 202 219 237 272 274 318 328 370
18 262
5 63 86 92 104 197 238 299
264 342
71 75 103 131 134 161 198 228 363 369
242 272
158 360
68 73 162 380
2 12 21 66 69 71 77 104 127 239 266 272 275 291 295 329 334 336 359 363
167 301 363
164 183 184 248 258 260 291
3 51 285
15 30 321 340 348
71 81 218 252
173 327
79 143
2 23 42 55 84 120 145 160 174 233 234 272 326 349 350 378 382
104 181 292
106 107 118 163 217 250 313 333
56 114 117 187 201 246 302
134 282
3 9 23 43 54 101 133 157 175 203 255 257 272 275 283 294 309 331 344 352 366 382
253 308 356 371
99 220 271 329 338
182 193 195 383
14 17 48 61 74 89 94 95 103 170 171 189 226 229 243 249 307 309 341 346 364 379 381 386
108 196 279 296
128 146
4 32
33 37 65 188 241 300
315 335
9 49 70 72 156 233 267 272 274 278 290
52 54
96 111
54 78 168 209 226 337
9 85 119 130 180 223 230 231 232 273 339 362
129 150 287
125 284 314 353
102 192 272 280 281 317 354 368
91 254
93 310
31 47 114 115 142 154 191 198 205 206 210 272
263 287
75 388
7 131 198 201 300 302 423 436
11 365
3 10 12 49 103 105 139 145 169 265 270 272 273 291 322 344 385 392 442
443 444
9 53 262
54 269 287
284 453
64 152 190
121 212 357
71 117 167 188 211 281 398
304 373
23 47 71 74 82 114 130 191 203 205 210 213 230 233 255 267 272 275 298 305 336 386 397 415
240 279
129 197 225 306
4 24 144
65 228 241 246 354
134 272
335 409
9 25 58 83 84 122 132 166 170 171 177 199 227 233 239 249 266 272 294 307 334 379 384 455
118 124 150 177 371
54 291
54 311 319 363 432
138 310
2 28 29 54 69 70 119 180 198 208 222 229 272 274 277 290 307 359 364 382 413 453
52 376 445
3 245 333 414 433
340 412
114 168 172 252 272 303 395 431 449
97 143 276
380 453
9 23 82 89 98 234 243 244 257 272 274 278 295 339 381 399
54 108 272 292
163 217 238 410 429
67 112 430
102 216 218 332 343 420 421 422 424
24 158 236
3 22 44 54 57 72 76 85 101 105 147 166 183 206 232 272 318 326 329 352 382 389 411 418 448 450
16 107 113 287 313
176 258 317 342 353
261 348
110 194 268 272 280
93 315
23 26 55 95 127 149 226 231 267 272 283 307 341 349 435 438 451 455
46 153 363 367 390 439 453
125 314
62 285 405
13 19 75 103 185 187 246 297 317 338 441 452
207 242 254 456
109 323 393
43 115 120 133 174 186 272 312 316 346 350 361 362 375 442 447 453 454
18 288
63 319 425
272 434
20 99 247 404 408 426
23 426 446
3 21 25 41 42 61 99 142 151 198 223 256 272 309 325 370 374 378 391 419 426 437
5 8 92 128 250 263 274 308
32 60 155 251 345
33 165 394
37 78 98 123 214 226 271 355 368 369 400 408 432
1 27 137 182 327
2 31 57 66 77 90 116 141 156 185 219 226 237 243 272 293 352 417 440
38 235 330
146 301 356
183 184 221 248 260 416
35 179 307
33 192 208 209
34 36 39 54 82 88 104 114 135 157 159 175 178 202 219 275 307 309 331 341 343 366 406 427
86 104 106 299 403
21 45 56 81 87 100 126 134 161 220 289 329 337 428
91 118 173 282 324 383
162 259
6 9 14 17 23 48 59 71 80 94 154 160 189 215 224 328 363 401 407 426
160 296
167 200 253
164 264
51 552 553 717
121 348 559 587 724
78 99 172 198 302 317 408 420 426 460 667
23 193 327 383 747
347 581 590 601
46 365
23 25 36 41 85 89 147 174 189 191 226 272 273 329 349 378 391 442 465 469 505 511 551 556 563 569 606 640 642 663 674
52 160 376 560
46 63 308 636
248 503 563 683 768
62 506 532 715
618 757
65 100 201 246 268 281 311 486 530 619 713 759
461 652 683
705 742
44 71 76 77 82 95 171 266 287 290 352 362 381 382 426 453 454 455 477 484 488 616 617 637 750 761
20 136
288 702
8 107 129 253 269 301 356 683
112 176 272 430 482 714
3 64 179 307 562
357 412 554
45 71 103 110 117 252 297 400 431 457 661 687
27 118 282 676
360 500
453 538
2 23 54 74 82 115 157 166 169 178 198 219 272 274 307 312 328 339 401 413 419 427 435 437 440 467 476 498 523 571 580 612 629 630 657 697 701 720 727
330 387
610 709
18 104 262 731
128 497 586
67 155 258 434 499
33 190
54 81 123 246 271 319 354 363 398 432 466 521 604 632 641 666 751 763
24 50 254 373 446 698
631 711
9 28 54 55 69 71 80 94 98 103 142 198 233 265 272 291 325 352 370 389 397 426 463 479 492 495 496 537 539 549 552 603 605 688 719 739 740 748 756 764 773
54 167 197 238 250 287 363 414 674
32 264 284 416 453 674 730
426 596
261 286
13 33 187 188 228 368 408 602 630 700 718
182 242 272 426 656
24 97 485
369 659
23 42 160 166 229 249 267 272 344 463 498 542 633 635 650 664 668 696 777 778
38 518
150 177 529 635 746
183 314 493
35 75 165
30 111 647 707
7 56 87 161 220 226 247 272 289 303 369 432 436 574 683 694 735
173 272
138 143 393 686
54 162 351 372
6 31 54 105 139 159 175 177 180 206 208 215 232 272 278 293 305 307 341 407 418 426 453 505 510 541 557 577 593 637 670 674 689 704 706 728 754
443 736
240 279
106 113 118 497 507 536
144 472
340 566 597
114 185 209 337 478 494 507 546 558 722
207 304
93 158 236 276 539 540 582
34 61 82 83 84 99 104 105 120 122 135 154 186 205 237 272 274 277 294 307 322 326 331 334 341 386 392 415 448 491 502 504 552 579 592 598 599 608 626 674 691 693 716 732 734 745
53 196 272 628
124 163 200 245 723 741
54 60 164 545 639
152 285 388
15 321 531 564
194 280 332 422 428 449 481 506 508 553 561 596 608 729 775
565 779
310 335 743
204 259 320
627 638
9 21 22 23 29 57 58 70 72 114 127 145 149 151 202 203 222 223 227 272 275 283 295 298 346 363 364 379 406 442 463 468 489 505 524 533 544 595 599 609 648 653 678 684 699 725 726 767 770
444 453 740
9 108 296
86 104 287 306 367 371 429 570
221 251 345 555 572
358 491
396 701
134 208 216 272 338 355 464 708 762
134 737
3 43 48 49 101 133 183 199 239 243 255 256 267 270 275 307 336 359 447 455 458 488 509 516 525 534 579 615 625 629 683 766 769 770 772
54 547
3 217 263 548 677
260 353 488 774
519 546 681
470 710
71 167 168 192 214 343 395 404 441 474 512 514 585 721 738 754
91 195 456
79 621
3 26 47 88 90 116 132 213 219 224 230 231 233 243 272 318 361 384 385 417 438 451 463 473 504 525 527 573 577 620 658 665 669 682 685 690 692 712 755 776
181 624 695
5 146 333
394 651
462 647
20 21 75 98 131 218 329 423 424 452 483 494 535 600 643 742 745 751 753 758
1 137 513
323 623 742
1 526
2 9 17 25 57 59 66 119 130 156 170 226 234 244 366 374 399 411 471 550 560 588 602 607 630 634 649 671 674 679 701 733 744 760
515 701
292 445 572
16 299 319 403 425 453 672 674 740 752
291 576 703 737
96 140 212 613 644
19 37 102 126 211 241 300 421 490 611 662 673 751
324 501 584
40 109 315 409 742
68 380
3 10 12 14 21 39 141 185 210 233 257 272 309 316 343 350 375 450 453 475 476 487 510 522 568 579 589 606 614 641 646 654 655 660 675 722 776
235 377 463 578
92 153 225 274 313 390 410 433 439 528 701 765
4 24 125 184 317 583
3 596 651 715 788 1041
96 340 412 566 587 613 790 892 970 1016
7 19 75 100 110 187 192 216 252 303 317 329 368 478 507 530 535 585 608 700 718 836 861 866 901 914 983 1069
272 828 899 979 1145 1164
97 143 347 540 742 1084
591 659
1 567 711
6 41 43 44 48 49 57 66 71 98 115 130 151 154 157 170 183 222 227 229 230 272 290 361 426 525 534 537 549 550 551 560 563 568 595 608 612 653 675 684 699 712 716 734 793 797 807 828 845 854 856 891 924 957 982 984 1018 1023 1060 1067 1073 1131 1180
377 518 701 995
296 563 867
92 153 217 287 529 548 586 746 847 918
264 314 488 683 768 835 900 1026
152 532 552 717 1017
462 564
21 37 71 131 167 214 218 311 337 398 400 408 420 423 619 762 920 934 952 975 1012 1098 1172
50 282 584 656 783 838 1065
158 310 582 705 999
380 865 1092
46 526 631
9 10 23 76 77 82 101 141 223 265 272 307 417 438 453 487 505 509 510 533 552 563 569 614 629 633 640 649 650 674 683 692 706 764 776 777 791 800 818 819 846 863 871 925 938 945 967 968 982 990 1013 1019 1029 1059 1071 1089 1096 1126 1138 1144 1159
53 108 695
197 253 536 765 831 961
184 221 317 482 639 703 916 933
62 405 870 1093
212 554 1108
54 188 201 208 289 338 354 355 404 426 431 432 474 483 514 553 662 667 691 694 753 894 1036 1095 1173
304 501 936 1112
24 393 795 1056
54 538 780
627 821
3 17 83 114 116 127 132 133 166 203 233 270 272 305 309 312 341 362 366 384 385 386 426 473 488 489 527 541 579 580 599 603 605 609 616 626 646 657 674 691 727 760 787 814 815 833 862 943 946 974 1149 1153 1159 1161 1181
444 578
36 645
52 104 288 702 731
54 118 306 356 439 528 935 1001
251 258 342 353 416 576 830 904 985 1000 1136 1158
35 519 1028
357 618 647
56 99 281 319 343 632 721 803 805 812 829 902 962 1127
24 118 1183
581 621 742 1018 1070
372 832
3 23 26 95 99 149 177 178 189 198 243 266 272 274 293 294 307 309 336 364 406 419 455 463 516 577 607 620 648 658 674 691 720 770 772 773 785 804 813 828 874 875 876 884 909 928 969 971 998 1045 1049 1069 1074 1107 1116 1127 1130 1135 1151 1159 1185
18 240 376 1043 1119
113 177 269 301 672 674 701 1083 1086 1147 1177
155 583 1022
517 546 553 681 887
30 111 907
45 211 441 466 604 673 745 751 758 808 828 903 908 920 958 964 1025 1030 1079 1087
698 1102
323 623 742 932 1061
73 204 259 369 622 749 988
480 931
21 25 55 69 82 105 160 174 191 205 206 210 226 234 243 275 322 334 350 382 401 440 442 453 463 465 469 524 542 571 577 579 588 599 602 606 630 641 668 671 690 722 725 740 744 750 776 810 816 828 847 855 872 880 882 922 923 950 986 998 1021 1032 1056 1123 1132 1135 1144 1163 1175
443 463
262 624 910
46 245 410 414 723 740 841 987 1148
164 1160 1162
506 850 851 964 1113
597 647 785 1096 1109 1124
78 98 126 134 168 194 246 268 271 272 300 486 508 735 751 759 778 834 937 1029 1030 1046 1055
193 195 327 652 737 781
601 743 898 1008 1144
11 402 638 1156
47 54 58 61 74 122 145 169 219 232 233 239 256 273 328 339 352 363 381 426 442 471 498 505 522 539 592 606 615 761 770 801 802 806 828 846 852 859 860 873 881 889 960 1058 1059 1068 1097 1111 1114 1125 1143 1149
54 196 572 1081 1117
5 146 163 200 287 299 308 1139
32 60 125 291 572 737 774 784 840 936 1043
140 520 794
71 209 220 297 421 422 436 449 457 464 494 512 546 600 738 742 823 883 941 953 956 992 1037
373 513 747 1078
138 335 360 500 1133
2 21 23 72 84 103 105 120 159 166 215 231 257 267 272 291 298 325 326 331 344 374 397 435 437 450 451 454 455 463 475 477 484 511 552 589 593 629 635 637 663 669 670 689 696 701 728 745 748 766 767 802 805 807 842 859 920 939 973 974 998 1023 1040 1051 1057 1063 1064 1076 1103 1142 1159 1167 1178
20 235 453 736
279 445 459 628 1054 1072 1171
104 106 128 150 263 371 433 453 822 858 913 1022 1088
499 674 714 1089 1101 1159 1177
51 75 358 1115
121 286 396 559 1110 1165
81 123 161 302 428 481 506 521 558 641 643 661 809 868 905 1036 1128
23 207 426 565 782 915
590 1100
827 1085
972 1066 1080
12 14 25 28 29 42 59 80 88 104 119 142 237 272 307 316 346 458 467 496 510 523 598 617 625 640 664 671 679 682 688 733 755 778 792 817 848 877 878 944 994 1004 1023 1035 1052 1076 1166 1184
292 547 560
8 86 107 124 238 403 570 683 949 1034 1039
67 112 284 493 503 545 555 921 1031 1074
33 285
701 1005 1010 1053
20 65 87 114 226 247 363 729 763 843 895 989 1094
134 137 456 1043
40 109 686
34 71 89 90 94 114 156 175 180 185 198 226 244 249 255 272 349 391 392 399 407 418 427 447 492 504 544 556 557 629 630 646 674 754 769 814 826 828 885 896 917 921 960 976 977 978 990 991 1002 1020 1048 1117 1121 1149 1176
387 1021
886 893
63 225 363 390 429 497 674 677 752 829 993 1003 1014 1024 1050 1070 1141
24 54 144 176 248 260 345 814 825 1090
64 179 426 491 562
470 531 710 839
13 102 103 117 185 198 395 408 424 432 452 460 561 574 611 666 683 713 897 907 926 927 975 998 1082 1087 1099 1169
1 182 676 683
93 236 409 539 1120
1011 1186
31 54 70 139 199 272 277 278 307 318 343 352 375 379 413 453 463 479 502 573 704 785 799 806 820 853 906 929 940 968 1021 1047 1091 1118 1168 1187
543 610
3 250 319 497 507 741 930 1009 1015
272 430
307 388 394 959 1179
348 644 724 757 1182
33 228 272 596 602 754 888 901 1007 1032 1042 1106 1137
91 254 272 324 446 461 779 912
276 485
365 1139
2 3 9 22 36 54 85 135 147 186 208 233 272 283 287 307 378 411 415 476 498 505 637 642 660 678 691 693 719 756 786 828 837 860 864 875 901 911 951 965 1043 1044 1089 1104 1122 1139 1150 1170
136 515 740
160 272 1027
16 167 425 636 849 954 1105 1146
4 730 879 996
165 190 1154
15 261 321 707 966 1174
172 241 246 280 332 369 490 630 687 708 722 775 802 890 1022 1140
27 173 242 383 1033
79 315 680 796 948 1077
162 453 947
39 57 171 202 213 224 272 274 275 295 329 341 359 370 382 389 448 468 476 491 495 504 525 579 634 654 655 665 685 697 726 732 739 748 798 811 824 844 942 963 980 981 997 1021 1117 1134 1142 1152 1157 1159
38 330
129 274 313 333 367 635 919
183 434 453 472 563 845 1129 1155
33 506 1017
148 771
724 757 785 907 1010
45 100 114 161 226 297 311 329 332 338 432 464 490 494 546 604 683 700 713 722 759 775 868 897 908 920 934 1012 1069
1 182 195 272 446 838 915 979
540 581 680 948 1056 1077
865 947
631 638 1080
36 39 71 74 105 114 132 189 191 208 231 233 278 290 291 293 307 328 361 406 417 426 447 448 453 468 487 492 502 510 522 577 579 606 614 635 649 679 693 699 704 732 756 766 772 778 793 802 806 828 837 842 848 872 909 938 946 976 1032 1059 1089 1097
330 443 515
560 695
16 63 86 225 306 390 414 433 528 918 919 949 987
416 936 1043
285 358 388 394 517 959
121 140 212 348 587 707 710 794
33 54 65 75 343 408 422 424 428 431 432 457 535 585 721 758 763 805 914 953
272 501 652 683 747
97 360 686 1100
789 972
6 57 59 66 147 154 166 205 219 234 265 266 295 309 334 343 344 350 352 359 375 391 392 426 453 455 516 527 552 571 599 605 620 629 650 668 671 684 689 719 739 750 804 810 875 911 922 923 924 1018
38 444 1021
296 445 547
106 146 263 269 429 453 954 1009
112 183 248 430 453 576 683 814 835 1101
62 75 190 491 651 788 850 1093
564 618
20 71 87 167 185 187 188 228 408 449 494 630 751 809 907 1007 1055
27 134 782 1033
79 276 347 742
538 749
21 104 157 160 175 202 203 229 232 272 277 283 329 370 378 386 453 463 491 496 498 505 616 625 641 646 658 660 674 691 692 748 755 764 770 785 791 792 802 807 813 820 828 845 854 856 863 906 920 929 939 940 943 945 986 998 1002 1076 1089
53 196 1054 1081
5 104 163 197 245 356 410 674 1088
176 284 291 314 583 921 1022
64 519 870 887
340 462
13 134 192 208 216 300 460 506 619 803 1079 1087
118 584 676 698
485 623 705 898
480 711
3 12 25 82 88 116 169 267 275 309 331 339 341 465 560 563 569 607 655 664 665 674 675 682 706 716 728 733 777 800 804 805 814 828 881 891 942 951 968 982 1004 1021 1043 1068 1071 1076 1096
272 572 886
150 287 333 367 548 635 672 1024 1050 1070
768 879 916
96 412 554 597 966
7 98 194 246 404 420 478 486 632 708 843 902 927 992 998 1037 1094
23 207 304 324 373 383 456 513 656 779 781
158 236
23 25 31 57 89 103 130 133 177 185 198 222 233 249 272 275 307 318 349 438 442 455 479 504 524 568 579 629 630 637 653 688 697 773 801 816 819 847 859 864 950 977 998 1023 1029 1060 1063
160 279 1027 1072
46 129 153 287 301 497 507 701 746 849 1001 1039 1083
555 784 830
532 553 851
647 701
21 37 78 218 247 289 398 574 600 608 667 673 742 778 823 888 890 937 1036 1042 1082 1087 1099
193 426 1065
500 601 999 1018 1070
567 575 1066
2 9 17 21 28 42 48 58 61 70 77 99 101 135 213 272 273 274 305 307 312 316 326 382 399 413 463 495 525 577 640 685 744 767 770 778 811 815 828 859 889 896 917 957 971 973 982 998 1020 1021 1035 1058 1064 1067
200 308 313 740
4 60 144 499 545 572 639 730 1089
3 152 179 405 681 717
15 111 892 1016
56 99 110 123 168 214 268 272 466 558 611 666 738 812 828 836 905 975
565 737 828
310 323 393 742 796 1084
54 369
11 46
14 43 54 55 69 80 82 95 105 114 120 122 151 170 224 256 257 272 294 307 352 374 379 385 427 435 451 458 467 488 542 551 595 615 654 669 691 722 740 745 824 826 846 852 873 874 965 984 991 1021 1023 1059 1069 1073
20 235 377 995
9 54 376 459 893
3 8 54 238 250 299 403 439 570 636 723 741 831 1015 1022 1034
67 260 353 434 1031
552 562
261 286 396 644 1053
102 103 131 198 211 241 354 363 369 436 474 530 561 596 641 691 751 808 829 866 926 956 964 989 1030
24 40 93 109 138 409 582 932
204 259 832 1085
402 526
9 17 23 41 47 49 84 145 178 183 223 226 233 272 274 341 362 415 440 463 488 533 539 552 563 573 580 592 598 599 602 609 634 646 691 720 734 748 760 786 828 853 860 875 921 944 960 978 994 997 998 1019 1047
387 453 463 701 740
92 113 167 177 363 371 586 822 930
24 155 184 317 482 563 714 737 900 933
19 117 201 281 303 317 400 421 426 483 507 508 662 745 751 754 762 861 1022 1032 1095 1098
137 242 783 899 936 1078
143 795 1008
320 780 1011
365 627 1062
23 26 44 54 72 83 85 98 127 156 159 186 206 210 237 239 243 244 270 364 381 382 442 454 469 476 477 484 523 534 541 557 588 603 617 674 701 725 726 727 761 776 785 799 810 817 828 860 862 877 878 967 969 1013 1057 1091
136 736
104 108 288 292 624 628 867
128 529 536 752 765 829 841 935 993
503 774 825 985 1000 1090
51 426 546 964 1028
30 357 470 520 531 839
71 126 252 280 302 355 441 452 553 602 694 718 735 834 883 920 941 952 962 1025 1036 1046
24 254 327 1043
315 742 1061
380 659 827
1 821
22 29 71 82 115 139 142 166 198 215 267 272 322 325 336 397 401 419 473 489 537 589 629 633 671 696 769 798 806 828 876 974 990 1044 1045 1048 1076
181 262
253 425 683 847 961 1003 1086
251 264 272 472 674 703 845 996 1074
970 1005
172 209 220 246 271 368 753 901 903 958 983 1029 1030
50 173 282 461 912
539 590 743
10 76 90 141 149 174 180 199 219 226 230 243 255 272 298 363 366 384 426 437 450 509 525 579 612 626 630 657 670 678 690 712 797 814 818 855 871 901 963 968 974 980 981 1049 1051 1052
52 702 910
107 217 274 677 858 913
54 164 258 342 345 493 904
35 307 596
321 559 613 647 790 1096
81 272 319 337 395 423 481 512 514 521 643 661 687 729 802 894 895 975
335 621
73 162 351 453 591 988 1092
2 9 34 94 119 171 227 272 287 346 389 407 411 418 471 475 476 498 504 505 510 511 544 549 550 556 593 606 608 637 640 642 648 663 674 683 754 776 787 828 833 844 846 880 882 884 885 925 928 960 1023 1040 1074
18 240 563 1043
118 124 319 674 1014
32 125 221 488 840 1026
426 519 562 715 851 964
348 566 597
7 37 123 126 192 201 211 226 252 268 319 329 337 368 424 428 514 553 561 666 745 775 803 836 901 1030 1036 1046
254 456 501 781 915
158 310 360 500 621 742 999
259 865 988
14 55 72 76 80 82 83 154 157 166 202 219 230 233 255 267 272 273 318 334 336 361 426 453 484 491 511 516 560 571 626 637 640 658 665 674 684 697 720 728 739 748 756 770 786 800 814 817 826 852 859 872 875 881 924 946 963 965 980 1013
20 453 518 740
18 196 459 547
54 163 269 287 363 674 740 930 1015 1022
155 272 555 730 784 825 835 845 996 1022 1031
62 506 959
30 587 710
45 98 134 168 185 343 355 426 478 494 507 742 834 934 975 998
138 680 686 742
204 369 591
6 54 84 135 149 199 208 233 239 272 417 440 450 451 469 487 492 537 542 563 646 699 732 734 740 805 810 813 815 818 856 871 873 874 882 940 986 1004
292 695
128 153 333 414 636 723 752 913 1034
183 221 260 434 503 572 576 921 933 1026
3 152 165 651 1028
520 531 644 707 757
13 56 65 131 272 338 457 460 494 506 512 667 751 958 1022
193 207 383 426 513 565
54 832
272 857
46 631
3 23 25 31 42 54 90 156 159 178 180 206 243 272 309 322 364 374 381 382 386 391 397 413 463 488 504 509 599 617 625 629 630 650 719 755 776 778 806 833 860 862 925 968 974 978 982 990 998 1021 1043
444 463 1021
645 709
181 624 628
86 217 245 287 403 1009
164 258 416 430 488
64 491 850 870
15 111 559 618 647 839 1005 1016
99 102 194 216 220 241 297 303 363 436 474 558 574 600 602 611 691 735 738 758 759 829 888 890 914 964 975
118 195 304 327 838
143 601 796 1008
372 659 1011
3 9 28 71 101 105 114 120 219 237 265 272 307 309 344 366 378 379 401 407 426 463 477 498 504 505 510 552 557 579 592 602 609 629 726 750 760 767 785 791 798 806 807 828 842 846 854 855 859 943 1021 1023
377 515 736
272 1043
118 150 177 225 263 301 306 497 672 683 847 987
24 345 916
405 517 717
261 470 564 613
19 33 81 117 188 317 398 432 486 490 521 673 713 805 812 828 902 927 937 1030
1 584 676
335 409 485 705 742
68 73
3 9 54 95 104 145 175 222 272 274 283 307 325 326 382 411 415 476 568 599 614 616 620 640 668 701 706 722 727 764 766 807 816 828 848 875 877 917 920 942 976 997 998 1002 1035 1048
296 886
5 46 167 319 529 586 674 1003
284 342 493 545 714 830 1000
547 771
20 75 103 209 214 247 508 585 687 700 802 823 868 908 983
173 324 652 782 1043
79 393 932
3 10 48 59 61 94 177 191 215 229 287 294 298 312 370 392 505 534 549 579 593 606 615 648 671 674 675 691 716 744 769 792 804 828 878 885 923 1020 1047
9 104
129 299 410 497 536 548 961
54 60 125 184 499
51 285 307 546 681
96 340 357 396 412 724 785 907 970
100 110 187 271 300 311 332 421 422 431 441 608 619 662 718 751 763 843
23 134 137
93 582 590
538 622 749
11 402 821 931
23 25 34 71 74 103 122 133 151 185 205 266 272 274 275 349 352 384 385 442 455 458 475 498 505 524 579 598 630 642 663 669 671 674 689 691 696 704 733 748 776 787 802 814 819 846 863 864 876 938 939 951 960 969 977 984
136 387
104 106 238 425 429 439 677 741 918 993
67 482 774 814
553 887 1017
321 966
54 71 246 395 632 641 661 721 894 897 952
272 373 461 683 698 747 779 828
315 347 1018
9 21 43 44 54 70 88 130 139 141 183 198 244 257 275 295 307 339 399 427 447 473 476 496 525 544 556 577 595 603 608 629 637 649 654 657 691 712 773 777 804 828 837 847 860 880 884 922 957 1021 1032 1040
38 235 578
262 288 445 1027
8 113 200 250 274 433 528 570 635 746 822 841 858 954 1014
32 144 291 472 639
35 75 179 394 532 788
286 554 790
87 114 167 208 272 280 369 400 408 420 464 604 861 903 905 926 962 989 1029 1036
783 912
40 540
780 1006
575 789
12 21 26 29 36 39 57 89 105 127 223 231 234 256 278 359 375 418 454 465 525 551 573 606 655 660 761 799 810 820 844 889 928 945 950 968 971 973 974 1018 1049
160 376 867
16 107 253 356 831 949
4 314 353 453 936 1043
212 462 647 892
21 78 172 228 281 354 466 530 535 683 722 751 762 883 920 1012 1032 1037
50 182 272 936
236 581 948
351 453 947
49 58 66 82 114 142 147 169 171 174 189 226 227 232 233 243 249 270 272 305 328 329 341 346 350 406 437 453 533 541 563 569 588 633 634 670 674 679 682 688 690 725 785 797 802 824 828 891 896 911 991 994 1029
53 572 893 910
313 367
563 683 900 904
161 218 246 302 404 408 432 481 483 546 630 866 895 1025 1042
27 91 282 737 899 979
97 109 323 743 898
320 827
2 17 22 57 85 98 119 186 210 226 272 277 290 291 316 341 362 435 438 471 479 488 489 495 522 539 550 577 580 607 635 641 653 678 685 745 754 770 772 801 811 828 853 901 909 921 944 981 1019 1023
52 108 240 279 560
3 63 124 146 197 308 371 453 829
112 251 264 674 737 840 879
33 190 388 552 1041
121 701 794
71 198 289 423 449 452 596 643 694 708 729 753 754 808 809 901 907 920 941 953 956 992 1007
24 242 446 656 1033
24 539 623 795
365 526 567 627
2 41 47 69 77 82 99 115 116 132 160 170 198 203 213 224 267 272 293 331 343 363 389 419 448 453 467 468 502 523 527 552 589 605 612 664 683 692 693 793 845 906 929 967 982 998 1023 1044 1045
443 995
563 702 731
92 390 507 701 765 849 919 935 1001 1024 1039
176 248 317 583 703 768 985
307 546 553 870 1028
111 1196
33 45 65 123 192 194 201 216 246 303 369 464 486 687 713 758 802 908 920 934 953 1069 1095 1202
193 254 737 899 1223
24 323 335 500 1120
68 832 988 1006 1222
3 14 17 23 28 41 82 84 99 133 166 191 223 234 239 243 244 255 273 309 326 341 349 350 352 381 442 447 463 465 476 505 509 516 527 542 571 577 599 649 671 674 682 685 690 706 716 719 766 772 785 798 802 807 833 848 940 951 960 998 1023 1035 1064 1087 1096 1144 1152 1157 1159 1201 1218 1220
543 610
46 107 150 217 306 308 313 497 548 570 829 841 918 935 987 1001 1024 1088 1105
248 317 345 674 737 835 1000 1074 1158
33 75 190 394 426 1179
462 470 647
13 37 161 271 368 490 507 514 763 823 843 897 1106
1 304 383 683 1145
40 360 623 680 1070 1216
365 526 567 627 711 1066
9 23 25 39 59 61 77 88 104 114 115 116 119 185 283 294 307 352 363 364 370 379 407 413 450 453 463 468 533 552 592 593 646 648 650 660 674 691 696 701 797 804 859 874 909 942 943 998 1021 1048 1074 1122 1161 1218 1226
20 330
52 560 572 1119
5 86 113 269 507 752 1022 1070 1139
221 683 774 814 933 985 1026 1162 1177
3 51 715 964
212 396 520 531 597 613 724 785 892 1124
19 110 126 247 428 535 546 561 722 745 808 861 883 894 902 937 941 989 1079 1127 1128 1204
24 272 1078 1205
622 749 1224
46 402 638 1080
9 54 58 85 90 95 127 147 157 170 272 274 298 362 427 440 473 505 534 556 563 568 569 580 633 634 637 642 664 675 684 688 692 693 725 745 767 770 805 807 817 818 824 828 859 871 873 924 960 963 967 981 1040 1089 1170 1192 1195 1200 1206 1214 1234 1235
563 1054
8 54 106 197 238 390 414 425 723 740 746 1146 1199
54 183 353 545 555 563 784 900 1089
388 681
348 412 701 707 907 1096
71 99 100 241 272 289 400 478 512 585 596 641 691 694 718 721 762 888 998 1030 1137 1209
485 742
73 204 259 320 380
2 6 55 57 101 130 149 154 265 272 287 328 386 397 453 455 476 484 504 577 589 595 605 630 674 679 728 732 754 773 792 793 828 842 846 847 855 860 862 863 884 922 929 957 968 986 998 1051 1056 1076 1107 1150 1191 1198 1203
54 196 376 628 1043
104 146 225 439 529 635 822 930 1015 1039 1188
24 184 840
64 532 596 887
321 564 1053 1110
56 134 167 172 343 432 521 604 630 662 683 700 868 901 958 1022 1098 1197
23 782 838 915
539 898 1018
453 1085 1092
12 57 71 72 135 159 160 186 213 215 229 237 243 272 278 293 307 331 378 382 419 448 453 458 475 477 510 524 544 549 626 668 683 739 748 761 769 778 800 806 810 819 828 891 911 928 944 946 974 982 1004 1047 1063 1089 1117 1118 1121 1130 1131 1132 1144 1151 1178 1181 1184
136 453 1104
240 1027
16 63 287 356 497 683 858 919 1083
125 416 434 503 576 879 1215
165 179 405
15 559 566 647 757 1174
7 20 98 185 187 214 281 302 420 431 474 530 729 735 754 828 901 975 1036 1037 1195 1217
27 137 272 461 501 513 747 828 936 1220
79 93 276 310 686 1061 1077 1190 1212
780 1221
48 54 114 141 156 169 198 205 226 233 307 399 406 426 463 496 498 563 599 615 637 640 653 722 756 791 811 813 816 828 844 845 852 864 872 889 906 923 938 939 991 997 998 1013 1060 1068 1076 1135 1138 1149 1168 1194
624 910
287 333 765 1086
176 264 572 996
152 358 562 651 851
30 140 644 839 966
21 117 198 246 280 332 338 355 441 506 558 619 661 667 751 759 775 778 803 812 834 903 905 952 964 1046 1140
50 173 282 373 446 912 1112
347 393 705 742 948
54 369 372
9 43 71 76 122 198 231 256 295 325 374 435 437 438 522 523 537 550 579 616 617 629 640 669 699 764 814 828 875 876 965 968 973 974 976 982 1018 1021 1032 1044 1076 1087 1104 1114 1117 1126 1144 1149 1159 1185 1211
736 869
292 296 731
129 245 536 674 831 849 1147 1177
430 453 499 714 904 1022 1043 1090 1129
506 1115
463 547
121 357 1005 1165
71 131 211 228 272 311 423 436 574 643 708 742 866 907 914 956 983 1029 1036 1055 1082 1087 1207
426 565 652 676 1164
138 582 590 796 932 1084
538 865 1011 1186 1231
480 575
21 29 103 132 139 142 175 189 203 210 219 224 226 230 274 309 312 318 343 344 361 385 392 401 411 454 463 479 488 489 539 551 552 560 598 602 612 620 629 635 646 697 727 755 776 777 786 799 815 828 854 875 878 880 881 901 921 925 945 984 990 994 1002 1023 1058 1067 1127
463 518 1021
160 867 1081 1117
128 177 200 250 371 410 954 1141 1148
112 164 258 272 314 472 703 730 825 916 1031
35 491 1041 1113
286 340 618 1010 1108
78 220 337 395 408 457 466 483 494 508 602 608 632 673 836 890 992 1007 1025 1169 1225
456 584 979 1043 1102
143 236 795 1230
659 947
11 789 1062
21 34 44 54 94 174 178 233 266 291 329 339 346 418 442 467 510 525 541 608 609 641 691 770 778 820 837 860 877 882 885 917 920 980 990 1019 1045 1059 1091 1159 1163 1175 1193
9 108
124 153 636 674 701 961
4 32 639 845 1101 1159 1160 1227
62 285 517 552 717 1093
96 794 1109 1182
103 208 218 252 297 300 426 449 452 460 600 666 829 901 962 1030 1032 1042 1087 1208 1233
195 207 324 698
97 315 581 601 621 742 1100 1133 1144
821 1156 1189
3 17 22 42 47 69 70 83 98 105 151 177 206 219 222 249 272 275 277 334 341 359 375 389 391 426 451 455 469 487 488 491 495 498 588 614 630 665 678 691 712 726 740 748 896 977 1049 1069 1097 1103 1135 1143 1187 1219
578 995
53 279 445
167 253 263 274 299 301 319 403 429 453 586 672 677 741 1003
144 260 284 342 1136 1155 1193
788 850 1017 1154
261 554 790
75 81 87 102 114 188 268 317 354 398 404 408 421 422 805 809 895 926 1094 1099 1172 1173
118 134 182 781 783 1033 1065 1183
158 540 1056
3 10 23 25 49 74 80 82 89 145 166 208 232 270 272 275 305 307 316 336 366 415 471 492 505 573 579 603 606 607 629 654 663 671 674 720 733 801 802 814 846 853 856 901 950 969 978 1052 1057 1059 1071 1111 1123 1125 1142 1143 1149 1153 1159 1167 1176 1232
181 272 459 547 695 1171
118 847 949 1009 1210 1228
60 155 251 291 482 493 583 921
519 959
587 710 970 1016
54 168 209 226 319 329 363 424 432 481 553 611 738 751 753 920 927 1012
242 327 656 779
109 409 743 1008
162 827 1213
2 26 31 36 66 105 120 171 180 183 199 202 227 233 257 267 272 290 322 384 417 502 504 511 557 579 606 625 655 657 658 670 689 701 704 734 744 750 760 787 804 806 810 826 828 971 1020 1023 1029 1043 1073 1116 1134 1139 1142 1159 1166 1180 1236
235 443 444
18 104 262 288 702 886 1072
3 92 163 363 367 433 528 913 993 1014 1034 1050
67 488 768 830 936 1218
64 358 405 553 959 1093
111 348 412 531 587 701 724 794 1108 1109
54 168 271 300 354 355 369 400 426 506 514 585 643 661 662 758 828 866 907 1007 1173
23 193 195 272 461 501 698 915 936 1145
581 582 686
369 865 988 1006
11 1156
2 3 25 36 43 54 80 82 83 94 95 141 147 210 219 267 272 294 309 344 352 399 406 413 415 448 463 467 476 491 549 550 551 573 579 629 642 674 740 756 760 769 772 792 810 826 846 871 920 925 944 960 969 984 1056 1057 1122 1159
463 578 869
160 279 563 886 1054 1171
129 217 269 333 367 403 433 536 548
155 345 482 583 933
388 426 546 1041
212 564 757 785
33 37 102 114 134 188 218 272 408 464 486 546 632 721 738 763 805 894 908 958
138 1100
73 1011
1 567
9 10 29 44 54 61 66 85 114 191 206 234 274 283 290 295 305 312 334 361 418 427 440 454 496 504 516 577 629 650 699 726 748 807 814 824 837 842 885 906 922 923 943 945 998 1048 1060 1073 1096 1144 1149
377 736 740 1104
3 104 113 371 410 507 849 1105
24 714 774 840 904 936 1022 1043
165 307 887
15 121 140 559 618 790 839 907 1010 1053
13 45 194 317 404 508 762 775 803 843 883 941 952 1012 1029 1042 1046 1087 1095 1106 1140
24 182 324 676 737 899 912 1065
323 601 680 898 1008
9 25 26 28 72 74 84 98 132 149 166 185 272 273 274 278 307 309 325 328 343 442 455 479 498 527 599 641 660 665 671 674 675 678 716 727 766 778 799 804 807 815 816 828 853 901 940 967 968 998 1020 1023 1047 1097 1118 1125 1130 1135 1142 1149 1153 1168 1178
624 867
308 439 636 822 930 993 1009 1088 1139 1148
112 784 1089 1129 1159
179 506 532 651 1113
148 955
554 597 613 707 970
216 343 457 490 494 530 561 683 694 962 989 992 1055
1 50
236 315 743 1133
453 659
46 972
17 39 77 115 202 224 233 243 272 341 384 389 417 426 442 492 498 510 544 568 592 593 595 602 606 614 635 637 658 668 683 728 739 744 750 754 785 814 855 856 860 862 882 909 986 990 1018 1021 1064 1114 1123 1143 1167 1170
38 136 518
376 572 695
177 238 287 313 674 740 918 1003
176 183 272 342 493 545 555 639 703 916 985 1074
520 892 1016 1174
100 126 167 187 220 332 422 432 436 602 708 808 926 956 1030
747 782 1033 1112
2 3 31 48 57 69 71 76 120 145 199 227 243 270 272 275 326 349 370 392 447 469 612 630 690 706 719 732 733 755 767 770 773 777 802 819 828 874 876 878 896 911 917 946 998 1052 1059 1076 1089 1135 1150 1152
443 453
200 497 683 723 954
67 503 879 1101 1158
71 241 268 303 311 338 452 574 604 608 630 673 834 975 983 1087 1172
118 446 683 779
93 158 393 1056 1070
947 1092
41 88 119 159 170 189 230 257 272 316 453 488 541 552 599 633 653 697 720 761 805 806 828 846 847 848 863 881 951 971 974 980 982 997 1004 1076 1103 1111 1157 1159 1161 1176
288 445 560
5 92 118 146 319 390 752 765 1001 1024 1070 1083
251 258 291 434 499 737 768
35 51 62 152 190 964
261 321 340 566
21 98 172 272 289 337 368 423 460 478 535 596 611 666 687 691 745 753 754 895 903 920 927 1022 1025 1032 1069 1098 1128 1137
27 91 207 272 426 456 979 1043
347 409 742 1018
68 372 749 827
42 58 59 71 89 90 101 151 160 180 265 272 346 381 385 510 533 552 607 609 646 663 682 689 725 745 786 798 873 891 921 957 976 978 990 1045 1051 1059 1076 1117 1121 1143
330 444
181 459 893 910
16 86 153 197 274 570 746 919 949 1015 1022 1039 1141 1146
60 184 248 674 845 1026 1162
491 519 850 851
30 286 462 647 966 1005
7 19 71 117 208 246 247 252 297 302 363 420 481 494 512 553 619 729 751 823 902 905 934 964 1036
373 828
276 500 590 621 705 742 795 948 999
204 259 351
575 789 1066
12 23 54 104 116 127 175 186 205 213 222 237 267 272 277 287 293 307 318 339 352 375 378 401 411 435 437 451 463 476 488 489 522 523 525 534 542 556 557 563 598 615 640 664 674 685 692 734 764 776 817 854 864 877 889 901 968 1002 1040 1043 1049 1058 1091 1127 1132 1138 1139 1144 1159
543 709
52 104 108 296 1119
46 106 107 128 163 253 287 677 701 841 913 961 987 1147
4 32 54 164 260 264 453 1160
285 562
96 1096 1110
99 185 192 214 228 246 280 281 441 449 466 558 742 802 809 861 890 901 920 953 975 1030
327 513 584 656 838
24 143 360 485 623 932
526 711 1139
3 23 105 114 130 183 198 203 215 223 233 239 272 291 307 322 329 331 359 363 366 386 419 438 450 458 468 509 524 539 608 620 626 637 640 646 648 649 669 671 679 691 748 770 793 802 820 828 833 852 875 974 981 1013 1021 1023 1035 1069 1074 1104 1107 1116 1159
53 54 240 272 702 731
124 167 299 301 306 453 674 741 829 847 1050
284 430 472 572 576 814 825 900 921 996 1090
3 75 681 717 788 1154
357 470 1165
56 131 198 211 395 424 428 432 483 641 667 700 751 812 868 888 937 1037 1079 1082
137 254 304 783 1164
97 109 1061 1120
54 622 832
638 821 1062
3 9 34 47 55 57 82 105 133 135 174 177 178 226 233 255 272 336 379 397 407 426 471 487 495 502 505 511 563 580 588 589 603 629 655 691 693 701 704 722 791 797 811 828 859 928 938 939 963 965 991 994 998 1019 1029 1044 1068 1071 1089 1126 1131 1134 1142 1166 1175
20 995
9 18 196 292 628 1027 1081
8 63 245 250 263 356 497 529 586 635 672 935 1014 1086
144 488 563 730 1000 1136 1155 1177
394 517 870 1017 1115
644 647 710 1124
65 78 87 103 161 226 398 408 421 600 722 735 778 836 897 914 998 1094 1099 1127 1169
242 652 781 1102
539 796 1077 1084 1144
162 380 591 1085
17 21 22 70 99 103 156 157 169 171 198 229 231 232 244 256 298 341 350 374 382 426 453 463 473 525 537 577 605 630 670 684 688 691 712 800 813 818 845 859 875 884 929 960 973 1023 1067 1151 1159 1163
235 387 515
262 547
429 528 858 1034
221 314 353 416 830 835 1031
33 552 715 1028
20 75 81 110 123 201 209 319 329 431 474 507 521 713 718 751 759 829 901 1036
134 173 282 383 565
40 79 310 335 540
402 627 931 1080
6 14 21 49 122 139 142 154 166 208 226 249 266 275 362 364 382 391 453 455 465 475 477 484 560 569 571 579 616 617 625 634 654 657 674 696 701 776 778 787 801 804 844 872 880 924 942 950 977 982 1021 1032 1063 1117
1072 1117
54 150 225 363 414 425 831
125 317 683
33 152 358 388 870 1154
140 531 559 566 597 647 1016 1108 1109
7 208 226 246 272 354 422 432 441 506 514 535 558 602 721 829 927 934 1012 1022 1173
91 134 426 565 683 1078
138 581 601 680 705 795 796
365 402 789
2 3 17 21 28 29 41 54 59 80 94 132 198 257 266 272 274 283 322 336 343 397 406 417 426 435 440 450 479 488 509 523 563 579 630 646 671 683 689 691 701 722 734 745 756 792 806 807 817 828 833 855 856 860 871 875 877 884 942 945 968 977 980 1035 1052 1131 1143 1149 1150 1159
869 995
5 129 163 167 263 269 287 308 356 367 371 497 529 674 841 918 987 1015 1086
176 251 703 730 1177
64 179 517 959 1041
212 348 613 644 707 1005
71 98 300 423 481 611 630 751 809 828 901 953 962 1042 1087 1106 1172
24 50 282 324 501 656
40 79 948 1061 1084
204 780 1085
23 49 54 76 105 114 135 210 219 224 233 243 272 273 275 278 349 352 382 442 471 537 569 592 603 674 682 725 770 799 810 818 819 828 864 924 944 950 960 1004 1021 1040 1045 1076 1132 1163 1167 1170 1178
377 444
52 160 181 376
16 153 425 635 740 961 1003 1147
258 284 683
165 285 562 788 964
463 547 771
396 970
37 54 167 214 271 311 317 319 395 424 428 431 432 464 619 661 700 729 952 964 998 1007 1030 1055 1095
193 242 272 783
539 742 1070
480 1156
3 9 23 58 77 82 90 141 151 156 160 166 186 189 198 208 233 267 274 307 312 316 331 370 374 379 385 407 415 438 463 465 498 510 524 549 598 612 641 657 669 670 690 701 739 772 776 786 802 837 845 852 853 881 921 922 923 929 943 994 997 1047 1089 1096 1103 1117 1127 1135 1139 1142 1159 1175
279 445 572 1072
8 118 245 253 313 363 410 674 829 935 949 1009 1148
453 488 493 503 583 840 921 1000 1090
596 717
470 757 1165
13 81 126 241 400 408 436 483 508 546 574 673 708 713 812 843 866 894 1036
1 513 779
310 590 623 932
320 453 591
3 9 25 43 44 48 61 74 82 166 174 175 227 272 275 293 359 362 401 476 525 542 573 605 606 617 642 660 664 674 684 727 760 787 811 816 824 826 828 842 846 873 976 986 1023 1032 1059 1114 1144 1157 1159
330 740
54 240 560 1119
106 150 319 570 672 847 913 993 1034
24 416 499 576 1101 1160 1162
426 491 546 552
520 564 892 1096
45 65 87 110 172 329 337 466 494 600 662 683 751 861 890 908 920 937 989 1030 1032 1082 1128
137 272 446 899 1043
259 372 1092
21 69 98 147 230 234 239 243 272 295 389 448 463 467 469 484 488 491 496 516 522 552 580 593 634 649 675 732 764 767 769 785 798 800 828 844 859 885 909 920 938 969 971 1044 1051 1076 1091 1111 1138 1143 1176
453 736
196 296
3 200 225 238 414 439 528 683 701 954 1083 1139
291 482 555 714 825 845 1026 1031 1136
506 887
15 286 321 587 647 710 1010
19 33 185 404 457 530 604 735 742 758 759 775 803 888 905 941 983 1046 1079 1140
118 207 327 456 652 782 1102
97 236 335 1120
351 947 988
575 931 1080
9 10 17 54 66 70 95 99 105 119 122 130 133 154 157 171 180 249 265 272 329 384 411 426 437 442 455 502 504 510 525 533 556 635 663 674 678 728 748 778 828 874 875 939 940 951 957 963 974 990 998 1021 1068 1107
18 53 867 886
54 86 124 301 429 636 1024 1070
260 345 430 434 472 674 985
35 1115
111 412 907 1110 1174
75 198 209 247 268 281 363 368 369 408 449 486 643 718 802 834 836 868 897 903 914 926 975 1098 1099 1127
461 584 698 828 838
276 686 742 999
162 659
1 972
25 26 31 36 42 54 83 142 191 222 223 267 272 326 352 363 364 375 418 426 447 453 463 492 511 541 557 560 607 609 614 637 653 654 655 658 671 691 693 696 697 699 716 719 720 750 793 846 860 863 882 901 917 965 990 991 1048 1049 1060 1073 1116 1121 1130 1152 1166
36 543
624 893 910 1043
63 92 146 177 390 403 1146
60 112 183 342 784 835 933 936 1159
30 96 340 462 618 790
117 123 161 188 192 201 216 252 343 355 426 608 632 666 667 694 738 754 762 778 883 895 956 958 992 1036 1087
23 254 915 1112
93 485 500 742 1077
68 865
23 82 85 88 114 120 139 237 244 270 272 277 305 328 381 391 413 475 487 504 505 552 577 588 599 608 629 633 640 685 691 754 755 770 773 776 785 801 804 828 859 878 891 928 946 967 978 1013 1117
387 443 515 518
107 113 128 287 299 586 822 1050
32 125 164 184 264 879
75 190 307 681
794 839
99 187 228 289 297 338 420 421 474 553 561 585 751 753 975 1029 1169
676 737 936 1033 1145
143 409 898 1018 1100 1133 1144
73 1011
11 638 1066
14 47 55 57 72 104 145 183 185 203 206 226 255 256 272 294 307 309 318 339 477 489 527 595 616 620 629 665 679 706 740 766 791 797 804 805 813 814 815 828 889 981 984 998 1023 1029 1057 1058 1067 1071 1097 1122 1126 1135 1142
136 1104
610 709
288 1171
46 306 433 746 752
4 221 900 1074 1129 1155
3 51 532 715 850 1093 1113
121 554 701 966
71 78 100 102 103 114 131 168 246 302 452 490 521 687 805 823 901 907
173 383
158 315 393 540 1008
54 369 832
272 594 1075
526 631 1062 1139
3 6 34 71 84 89 101 115 116 149 170 178 205 213 219 232 272 290 309 325 344 361 378 392 451 453 476 498 534 544 550 551 579 626 640 646 668 688 726 778 807 814 862 872 876 911 1043 1056 1074 1076 1123 1134 1153 1168
235 463
262 272 695 1054
197 333 497 548 741 858 919 1014 1022 1088 1141
54 155 314 353 904 996 1022 1089 1158
62 405 553 1017
20 56 134 218 272 303 398 494 691 745 808 901 902 920 1025 1037 1069
27 182 304 747 781 912 979
323 347 360 621
622 827
2 12 22 39 57 127 202 215 226 229 298 307 334 346 350 399 419 427 454 505 539 571 577 602 615 629 692 733 744 748 761 777 802 820 828 848 896 901 982 1002 1018 1019 1020 1023 1064 1069 1104 1118
20 578
459 628
104 250 274 453 507 536 723 1001 1039 1105
67 248 272 317 545 768 1043
519 651 851 1028
261 357 724 785 1124
21 194 211 220 280 332 460 478 507 512 596 641 722 763 1094 1137
195 373 1065 1164
24 582 743 1056
380 538 749
46 821
23 103 159 169 177 199 231 233 287 291 341 366 386 455 458 468 473 495 505 568 589 625 648 650 704 712 806 847 854 880 906 925 968 973 998 1021 1059 1063 1089 1125 1149 1151 1159 1161
38 1021
104 108 292 563 702 731 1027 1081 1117
217 677 765 831 849 930
144 563 572 639 737 774 814 830 916
358 405 506 715 788 959 1017
462 710 839
56 71 87 110 201 214 241 337 343 408 422 428 441 457 474 553 585 802 952 992 1036 1037
1 50 134 173 327 373 652 779
590 1070
34 74 127 132 157 160 177 198 222 224 229 272 293 382 392 415 440 447 453 455 477 488 498 523 568 577 629 630 637 650 674 678 778 817 828 855 875 922 925 967 968 980 986 1047 1104 1142
262 296
5 113 250 356 536 672 674 701 831 993 1146
183 221 345 563 572 576 674 683 814 1089
152 190 870
520 647 707 1005 1010
114 218 268 452 512 521 729 745 778 843 989 1106
683 1033 1102
310 323 335 539 999 1084
259 453 591
48 84 130 135 141 219 226 237 239 272 274 344 407 418 463 476 491 505 612 637 640 646 693 716 772 807 819 828 862 864 872 873 909 917 923 939 998 1019 1035 1048 1052 1121 1122 1126 1139
235 1104
128 429 746 765
144 472 768
51 165 307 532 546 562 651 1041
20 100 131 216 252 302 317 332 395 436 464 483 490 535 632 687 751 759 812 828 901 905 926 962
27 272 838
24 623 948 1056 1133
204 947 1092
567 627 821
2 17 23 61 76 77 82 88 145 147 178 272 275 325 401 406 453 455 463 469 504 527 539 563 569 598 605 615 634 658 668 688 744 754 770 791 802 810 824 828 833 853 854 876 943 944 950 976 998 1021 1029 1049 1068 1089 1103 1135
52 104 181 240 1081
54 153 177 245 301 313 333 367 403 858 954 1009 1039 1148
4 936 1074
3 75 681 851
111 286 340 357 396 618 724 892
65 168 188 246 297 303 431 432 478 494 508 530 558 561 700 738 805 823 901 975
195 426 676 1145
347 898 1018
351 369 1006
2 47 49 71 99 151 154 203 213 243 256 341 349 363 463 471 473 502 541 542 550 560 579 589 603 625 692 699 701 712 720 727 806 814 815 818 860 863 891 896 924 968 973 981 990 1032 1076 1114 1142 1144
18 108 272 279 292 560 893 910 1072
46 129 200 253 363 507 752 1001 1034 1070 1147
32 639 703 730 985
33 426 717 850
140 321 348 587
19 98 161 228 247 319 368 408 426 667 673 691 708 721 754 758 866 868 888 1029 1030 1127
23 242 282 446 501 698 899
79 485 581 621 705 795 1077
1 711 972 1080
3 41 69 70 105 166 171 180 199 210 226 227 272 278 336 343 385 397 399 419 451 454 489 496 504 524 551 552 573 579 640 706 722 728 748 756 761 767 787 800 804 845 875 880 884 889 901 938 957 960 965 977 978 982 1059 1096 1107
9 563 702 1054
118 238 263 306 319 439 548 961 1050
284 488 555 583 1026
62 394 596 1113
121 212 554 701 757 1108
13 99 102 172 185 187 198 211 272 355 369 608 751 803 907 953 1012 1032 1036 1055 1087 1098 1128
456 782
97 409 540 742 932 1144
68 659 780 865
6 25 43 95 206 219 231 255 257 267 272 274 283 305 307 328 359 379 391 411 426 484 487 510 511 534 556 563 648 696 704 760 773 799 802 805 828 844 848 928 946 951 969 1004 1020 1058 1059 1063 1127 1131
387 995 1021
160 445 459 1043
86 104 106 107 124 269 274 287 425 528 918 987 1014
184 248 258 430 503 830 845 996 1000 1136
519 552 1093 1115
30 96 412 790 794 1096 1109 1124
78 123 209 280 300 354 420 424 507 574 619 662 808 809 908 927 1042 1069 1087
193 304 781 912 1043 1065 1078
276 500 743 796 1100
54 320 1011
3 10 22 54 57 58 83 85 98 101 114 115 139 185 198 232 233 234 272 277 291 295 307 316 341 350 352 361 364 370 381 442 450 458 498 522 525 549 577 606 614 620 629 641 642 653 660 665 674 719 732 745 786 798 810 814 842 860 874 901 929 971 974 1013 1040 1057 1076 1089 1138 1149
443 518 701
610 709
92 146 150 163 225 529 586 674 683 723 829 1015
112 125 272 291 353 416 545 714 784 835 840 904 1101
285 887
771 955
470 647 970 1053
33 81 167 363 421 432 600 611 630 666 713 735 751 762 861 883 894 895 983 1007 1022 1079 1082
182 207 254 565 584 656 737 828 1112
138 158
372 538
21 57 66 71 82 104 149 169 202 205 265 270 272 275 309 318 331 366 378 386 479 505 533 552 580 599 606 607 608 616 629 633 646 655 663 669 671 675 690 697 740 769 778 785 801 806 807 847 945 960 984 1043 1045 1074 1097 1111 1117 1132 1134
547 624 628 867
63 217 390 453 570 636 822 919 930 1022 1086 1141
176 434 900
261 907 966 1110
7 45 75 117 134 208 329 398 449 481 506 546 604 753 836 897 902 937 941 958 964 1025 1099
91 747 783 915 979
93 360 582 680
402 1066
9 29 39 44 54 59 89 94 103 105 116 119 122 133 156 189 191 215 223 243 244 266 272 287 326 339 346 362 413 435 442 453 468 475 510 557 595 602 630 635 657 664 671 679 684 691 726 733 739 776 811 816 878 906 911 940 942 994 1018 1021 1023 1118
453 736 869
196 572 731 1027 1117
8 16 410 497 841 847 935 1024
24 54 67 155 342 453 921 933
179 553 964
15 559 613 644
37 103 126 192 194 226 246 281 338 423 460 596 641 643 683 742 829 890 956 1030 1095
24 118 324 461 936
236 1120
272 857
365 526
9 17 23 28 31 42 54 170 174 175 183 186 230 249 272 273 290 309 329 334 352 382 417 427 488 495 509 516 537 544 571 588 609 617 626 670 683 685 689 691 748 792 813 820 828 846 859 871 881 882 921 991 997 1051 1056 1064 1069 1091 1117 1130 1135 1143 1149 1150
38 330 444 578 740
376 1119
3 167 287 308 371 414 497 741 949 1003 1083 1088
60 260 314 317 482 499 916 1031 1043 1090 1129
35 64 388 517 1028
531 566 597 785 1016
21 54 71 271 311 400 466 486 494 514 661 694 718 722 775 834 914 920 934 975 998 1046 1094 1137 1140
137 383 513
40 109 1008 1061
749 827
11 631 789 931 1062
14 21 25 36 54 55 72 80 90 120 142 159 166 208 233 267 307 312 322 374 375 389 426 438 448 465 467 492 525 592 593 649 654 674 682 734 755 764 776 777 793 797 826 828 837 846 852 856 859 877 885 920 963 1002 1021 1023 1044 1060 1067 1073 1076 1116 1123 1125
53 54
197 433 635 677 740 1139
164 251 774 825 879 1022
220 289 404 602 763 903
143 315 393 601 686
162 832 988 1085
12 23 26 233 294 298 384 437 476 505 725 750 766 785 804 982 990 1071 1144
299 849 913 1105
264 493 737
