1 3 4 5 6 7 8 9 10 11 12 13 14 15 16 17 18 19 22 23 24 27 29 30 31 32 35 37 39 40 41 42 43 47 48 50 51 53
7 22
6 20
7 26 38 44 45 46 52
21 28 34 54
21 38
1 2 3 6 7 9 10 12 14 17 18 19 22 23 27 28 29 31 33 35 36 37 40 41 43 45 49 50 55 57 59 60 61 62 63 64 66 68 69 70 71 72 73 74 75 76 77 79
12 18 59 71 74
14 41
6 62
6 7 14 17 18 45 56 57 63 65 84 85
2 12 67 80 81 83 85
46 85
2 12 19 80 81 83
7 43
6 58 67 78
1 2 3 4 6 7 8 9 12 14 17 18 19 22 24 31 35 36 39 40 42 44 45 48 50 51 53 55 56 63 64 70 71 75 77 85 86 87 88 89 90 91 92 93 94 95 96 97 99 101 103 104 107 108 109 110 111 113 114 115 116 117 118 120 122 123 124 125 126 127 128 129 130 131 134 135 137
6 7 8 12 121 126 127
7 15 24 40 51 71 90 99 101 103
12 102
6 39 44 71 86
7 12 14 21 24 40 51 82 90 94 102 105 107 112 114 115 119 132
12 14 53 90 98 102 103 106 133 136
15 51
90 102 136
7 79 92 95 114
102 136
100 103 106
19 101
1 3 5 6 7 8 9 10 12 14 15 17 18 19 22 23 24 27 28 29 30 31 32 33 35 36 37 39 40 41 42 43 47 48 50 51 53 55 57 59 60 61 62 63 64 66 68 69 71 72 73 74 75 76 77 79
18 22 59 71 74
14 41
6 19 62
6 7 14 17 18 21 26 38 44 45 46 52 56 57 63 65
2 12 21 28 34 67 81
21 38 46
2 12 19 25 81
6 58 78
1 2 3 4 6 7 9 12 14 16 17 18 19 22 24 31 35 39 40 43 44 48 50 51 63 71 72 75 77 85 86 87 88 89 90 91 92 93 94 95 96 97 99 101 103 104 107 108 109 110 111 113 114 115 116 117 118 122 123
6 7 12 121
7 12 15 24 40 51 71 90 99 101 103
12 102
6 39 71 86
7 12 14 24 51 82 84 85 90 94 102 105 107 112 115 119
12 14 53 54 80 83 85 90 98 102 103 106
15 51 85
7 92 95 114
100 103
19 101
5 6 7 8 9 10 12 14 17 18 31 37 39 40 42 45 50 51 53 55 56 59 71 72 86 88 90 94 96 99 109 115 124 125 126 128 129 130 131 134 137 139 140 141 144 145 148 149 151 154
126 127
51 59 64
6 139
1 6 9 12 28 37 40 46 60 85 90 102 105 112 114 132 138 140 143 144 145 148 152
1 28 90 102 117 133 136 146 150 152
51 149
102 136
55 79 114 142
51 149
1 3 4 6 7 9 12 18 24 27 31 35 40 45 51 59 71 75 85 86 90 94 99 109 111 113 114 115 117 120 126 137 140 145 148 149 153 156 157 158 159 160 162 164 165 167 168 169 170 174 175 176
40 59 71 85 90
9 12 51 90 147 163 165
6 9 12 26 46 71 90 114 115 121 132 136 144 147 149 155 159 163 165 172
64 80 85 90 114 117 125 147 163 166 171 172
26 46 132 136 144 149 172
85 90 125 161
7 12 90 113
40 85
75 90 117 126
1 6 7 12 14 17 23 37 39 40 51 59 70 71 77 81 109 113 114 124 127 147 161 165 175 177 178 179 186 189 191 197
37 59 197
51 165
1 12 64 71 181 182
6 9 14 26 40 51 114 117 123 147 148 161 163 172 183 185 187 188 192 193 194 196
26 28 78 117 180 190 195 198
117 148
80 90 199
6 53 114 168 171
78 190
78 190
1 3 7 9 12 13 14 19 22 27 39 40 50 51 55 64 66 70 71 77 79 86 90 94 107 109 114 123 130 137 149 165 167 179 183 186 189 200 206 207 209 210 213
12 66 71
9 14 51 90 148 165
19 44 71 179 186 189 200 201 205
9 12 14 26 35 40 51 114 123 132 147 161 172 194 202 203 214 218
117 179
26 161 165
78 204 208 212
56 146
79 215 216
1 2 3 5 6 7 9 11 12 18 19 30 33 35 40 51 60 64 71 72 85 94 100 109 111 113 114 115 123 127 132 135 137 142 147 161 165 167 170 179 186 206 214 217 219 221 222 223 224 226 227 228 230 231 232 233 234 235 238 240 241 243 244 245
7 35 40 51 85 123 158 165 179
52 163 230 239
14 86 179 219
7 14 31 51 112 114 117 130 132 147 154 155 161 165 185 214 242 248
14 184 220 237 246
132 196
211 225
2 60 111 137 157 227 236 240 241 247
130 147
5 7 9 12 18 22 26 35 39 49 51 66 71 93 107 109 111 113 120 127 137 158 168 179 182 186 188 227 243 244 252 256 261 265 266 269 270 272 273
51 71 158 179 249 270
9 214 264
66 179 244 265
7 9 26 45 46 51 112 114 117 168 179 203 214 249 253 258 260 264 266 274
46 117 171 254 255 259 263 267 268
39 179
67 263
183 250 263
46 117 255
7 9 23 35 49 59 64 70 71 72 86 94 96 109 111 113 114 123 127 137 149 158 166 168 179 182 187 230 243 244 245 261 262 273 276 277 279 280 281 284 287 288 292 293 294 298 301 302 307 309 310
26 64 290 291
12 123
165 203 276
71 86 94 127 179 282 297
7 9 26 41 86 112 114 147 148 149 163 165 168 179 180 185 266 271 275 276 279 283 286 289 305 309 310
114 117 149 203 204 257 271 285 299 308
26 163 286 289
271 302 303 304
85 276
77 295 300
2 7 9 12 14 17 24 35 37 39 51 60 71 94 109 111 114 127 132 137 155 158 165 177 179 182 189 205 222 228 269 271 273 277 279 284 290 296 303 311 312 315 317 318 320 323 324 327 328 330 331 334 335 336 338 344 345
7 9 51 132 165 179 284 340
7 165
179 228 294 302 322
9 12 14 24 26 39 51 56 64 71 111 114 117 132 136 165 168 179 203 214 271 276 289 306 313 316 318 325 326 329 332 339
6 117 136 184 251 271 318 319 333 337
132 276
14 319 321
136 333
1 4 6 9 12 14 18 19 23 27 39 40 41 51 66 71 86 94 96 103 109 111 113 114 127 130 137 145 158 163 179 189 222 261 262 265 266 272 279 284 289 307 314 316 323 327 334 335 342 343 347 350 357 358 359 361 362 363 365 371 379 380
9 39 40 90 109 165 363 364
88 165 374
29 71 361
39 85 90 203 271 272 283 289 290 331 348 351 352 353 356 359 369
14 56 117 259 263 271 299 302 341 342 346 348 351 354 355 356 370 372 373 375
26 271 351 373 377
83 117 253 263 299 337 367 368 381
341 381
14 79 112 113 155 171 261 357
37 109
83 166 263 356 367 368 370
14 71 90 100 119 306 349 360 378 382
14 356 372 373 375 377
231 366
12 14 18 31 42 47 50 51 57 59 77 79 85 94 111 113 115 123 130 137 140 141 159 165 179 197 222 230 244 245 273 277 278 282 284 302 311 314 334 335 348 358 364 367 368 383 385 386 391 394 395 396 399 404 405 407
51 94 165 387 393
132 165
137 179 284
21 42 79 90 121 123 165 185 278 311 313 334 348 356 359 377 384 387 392 401 406 408
83 84 85 154 247 368 373 377 381 385 400
397 398
117 126 159 166 368 381 385 400
154 263 368 390 402 403
39 262 388
84 373
295 303
1 3 6 7 9 10 12 13 14 17 18 19 22 24 27 28 29 30 31 32 33 35 36 37 39 40 41 42 43 45 47 48 49 50 51 53 55 57 59 60 61 62 63 64 66 68 69 70 71 72 73 74 75 76 77
12 18 22 59 74
6 62
7 14 17 18 26 38 44 45 46 52 56 57 63 65
28 34 54 67
21 38 46
19 25
7 43
6 58 67
1 3 4 5 6 7 8 9 11 12 14 17 18 19 22 23 24 29 31 35 37 39 40 44 45 50 51 55 63 71 75 77 79 85 86 87 88 89 90 91 92 93 94 95 96 97 101 103 104 107 108 109 110 111 113 114 115 116 117
6 7 12
7 15 24 40 51 71 90 99 101 103
7 12 102
14 41
6 44 86
6 7 14 21 24 82 84 85 90 94 102 105 107 112
2 12 21 53 80 81 83 85 90 98 102 103
15 51 85
2 12 80 81 83
92 95 114
78 102
100 103 106
19 101
1 2 3 5 6 7 8 9 12 17 18 31 35 37 39 42 48 50 51 53 55 56 59 64 70 71 72 77 86 88 90 94 96 99 101 115 118 120 122 123 124 125 126 127 128 129 130 131 134 135 137 139 140 141 144 145 148 149 153 154 156 157 158 159
121 126 127
51 59 64
12 147
6 39 71 139
1 6 9 12 31 37 40 46 51 60 85 90 94 102 105 112 114 115 119 132 138 140 143 144 145 148 152 155 159
1 28 85 90 102 106 117 133 136 146 150 152
51 149
90 102 136
55 79 114 142
51 149
90 117
1 3 6 7 9 12 17 24 27 35 40 51 59 71 75 85 86 88 90 94 99 109 111 113 114 115 117 126 137 140 145 148 149 160 162 163 164 165 167 168 169 170 174 175 176 177 178 179
7 40 59 71 85 90
9 51 90 163 165
12 64 181
9 12 26 71 90 114 121 132 136 144 147 149 161 163 165 172
28 64 80 90 114 117 125 147 163 166 171 172 180
26 46 132 136 144 149 172
90 125 161
7 12 53 90 113 168
40 85
75 90 117 126
5 6 7 9 12 14 17 19 23 37 39 40 50 51 59 64 71 77 79 81 94 109 113 114 123 147 165 167 175 178 179 182 183 186 189 191 197
37 197
9 14 51 165
1 71 182 186 189 200 201
6 9 14 26 40 46 51 117 123 147 148 161 163 168 183 185 187 188 192 193 194 196 202 203
6 26 78 117 179 184 190 195 198
117 148 196
199 204
56 195
6 79 114 171
78 190
78 190
1 4 6 7 9 12 16 17 19 22 27 30 33 35 39 40 51 66 70 71 85 86 90 94 100 107 109 114 123 127 130 137 147 149 158 165 167 179 186 200 206 207 209 210 213 219 221 222 223 224 226 227 230
12 35 40 66 71 85 123 158
51 90 148 165
14 19 179 205 219
12 14 26 51 112 114 117 123 130 132 147 154 161 165 172 194 214 218
14 117 179 220
26 161 165
78 208 212
211 225
215 227
130 147
3 5 6 7 9 12 14 18 19 22 39 51 60 64 66 71 72 93 94 107 109 111 113 114 115 120 132 137 142 147 161 165 167 170 179 206 214 226 227 228 231 232 233 234 235 238 240 241 243 244 245 252 256 261
7 51 165 179 249
9 52 163 230 239
66 137 179 244
7 9 51 112 114 117 132 147 155 161 179 214 242 248 249 253 258
46 237 246 251 254 255 257 259
2 39 60 111 137 157 179 236 240 241 247 262
223 261
46 255
2 7 9 12 18 22 23 26 32 35 49 59 71 86 94 109 123 127 137 158 168 179 182 186 187 188 227 230 243 244 262 265 266 269 270 272 273 277 280 281 284 287
26 290
71 123 158 179 270
214 264
179 265 282
7 26 35 41 46 86 112 147 148 165 168 179 180 185 203 214 260 264 266 274 275 278 279 286 289
117 171 203 267 268 271 285
26 286
85 183 276
4 6 7 9 10 12 14 19 24 39 59 60 71 72 94 109 111 114 127 137 149 161 165 168 177 179 182 205 228 244 245 261 271 273 276 279 284 287 288 292 293 294 296 298 301 302 303 307 309 310 311 312 314 315 317 320
64 291
9 12 132
165 203 276
6 20
19 71 86 94 127 179 294 297 302 322
9 12 24 26 114 149 163 168 271 276 283 289 305 306 309 310 313 316 318
114 117 136 149 204 271 299 308 318 319
132 163 276 289
271 302 303 304 319 321
77 144 295 300
7 9 14 23 24 37 39 40 51 66 71 72 77 94 109 111 127 132 137 145 155 158 165 179 189 200 217 222 228 262 265 269 273 277 279 284 289 290 314 316 318 323 324 327 328 330 331 334 335 336 338 342 343 344 345 347 350
51 165 179 284 340
51 88 165
29 179 228
14 26 39 51 56 64 71 90 111 114 117 132 136 165 179 203 214 271 272 289 325 326 329 332 339 348 351 353
117 136 184 271 333 337 341 346 351
132 351
14 117
136 166 263 333
71 119 271 349
46 117
1 2 6 7 9 12 14 15 19 23 27 39 40 71 86 103 109 113 114 127 130 137 140 179 189 222 261 266 272 279 284 307 323 327 335 357 358 359 361 362 363 364 365 371 379
9 40 109 165 363 364
71 361
85 90 271 283 290 331 359 369
14 56 259 263 299 302 348 354 355 356 370 372 373 375
26 271 377
83 263 299 337 367 368
14 79 113 155 171 261 357
37 109
83 356 367 368 370
14 90 100 119 306 360 378
14 356 372 375 377
8 39 47 51 59 66 94 96 109 111 115 123 127 130 137 151 158 165 166 222 230 273 277 284 302 311 314 318 334 335 358 368 380 383 385 386
39 51 90 94 165 387
179 284
21 28 39 90 123 165 185 271 311 352 356 384 387
14 85 117 154 263 271 342 356 377 385
26 373
85 166 253 381
154 381 390
112 388
263 382
1 4 5 6 7 9 12 14 16 17 18 19 22 23 24 27 28 29 30 31 32 33 35 36 37 39 40 41 42 43 47 48 49 50 51 53 55 57 59 60 61 62 63 64 66
7 22 59
14 41
19 62
7 14 17 18 26 38 44 45 46 52 56 57 65
28 34 54 67
38 46
19 25
7 43
58 67
1 3 6 7 9 10 12 13 14 15 17 18 24 27 31 35 37 39 40 44 45 63 68 69 70 71 72 73 75 76 77 79 85 86 87 88 89 91 93 94 95 96 97 99
6 7 12
7 12 15 18 24 51 71 74 99
6 44 86
6 7 24 63 82 84 85 94
2 12 80 81 83 85 90 98
15 51 85
2 12 80 81 83
7 92
1 2 3 6 7 8 9 12 14 18 19 22 31 42 48 50 51 53 55 64 70 71 75 77 86 88 90 92 94 96 99 101 103 104 107 108 109 110 111 113 114 115 116 117 118 120 123 124 125 126 127 128 129 130 131 134 135
121 127
51 90 101 103
12 102
39 71
12 14 21 40 51 90 94 102 105 107 112 114 115 119 132
12 14 53 102 103 106 133
79 95 114
6 102
100 103 106
19 101
4 6 7 9 17 35 37 39 40 42 51 55 59 71 72 86 88 90 96 99 109 115 137 139 140 141 144 145 148 149 151 153 154
51 59 64
6 139
1 6 9 31 37 46 60 85 90 102 105 115 138 140 143 144 145 148 152
1 28 85 90 102 117 136 146 150 152
51 149
90 136
55 142
51 149
1 3 4 5 6 7 8 9 10 12 24 31 40 51 59 71 75 85 90 109 111 113 114 115 117 126 137 140 148 149 156 157 158 159 160 162 163 164 165 167 168 169 170
40 59 85
9 51 90 147 163 165
6 9 28 90 114 121 132 136 147 155 159 163 165
64 80 85 90 114 117 125 147 163 166 171
85 90 125 161
12 90 113
40 85
75 90 117 126
1 2 6 7 9 10 12 17 35 40 51 59 71 86 90 94 109 113 122 140 145 174 175 176 177 178 179 186 189
71 90
12 64 71 181 182
6 12 26 46 51 71 90 123 132 144 147 148 149 161 168 172 183 185 187 188
6 28 78 117 172 180 184 190
26 46 132 136 144 149 172
53 114 168
78 190
1 6 7 9 12 14 17 18 19 22 23 27 37 39 40 51 64 71 77 81 94 109 114 123 137 147 161 165 167 175 179 183 186 189 191 197 206 207
9 165
1 19 71 186 189 200 201 205
9 14 26 35 40 51 114 117 132 147 148 154 161 163 172 193 194 196 202 203
26 179 195 198
21 117 148 161 196
78 199 204 208
56 195
114 171
1 7 9 12 14 27 30 33 35 40 45 50 51 56 66 70 71 77 79 85 86 94 107 109 123 127 130 137 149 158 165 167 179 182 186 200 206 209 210 213 217 219 221 222 223 224 226 227
12 35 37 40 66 71 85 123 158
14 51 90 148 165
14 179 186 219
12 14 26 51 112 114 117 123 130 147 165 172 214 218
14 117 179 220
26 165
79 215 227
130 147
2 3 6 7 9 11 12 18 19 51 60 64 66 71 72 94 100 109 111 113 114 115 123 132 137 142 147 161 165 167 170 179 206 214 226 227 228 230 231 232 233 234 235 238 240 241 243 244 245
7 51 165 179 249
7 9 52 163 230 239
66 137 179 244
7 9 51 132 147 155 161 179 192 214 242 248 249
237 246 251
2 6 60 111 137 157 179 236 240 241 247
5 7 12 14 17 18 22 23 26 35 39 51 71 86 90 93 94 107 109 111 113 120 127 137 148 158 168 179 182 186 187 188 227 243 244 252 256 261 262 265 266 269 270 272 273 277
71 158 179 270
214 264
179 265
26 41 46 86 112 114 117 148 168 179 203 214 253 258 260 264 266 274 275 278 279
46 117 171 254 255 257 259 263 267 268 271
39 262
183 263 276
46 117 255
1 5 7 8 9 19 35 49 59 71 72 94 111 114 123 127 149 166 168 179 182 230 243 244 245 261 273 279 280 281 284 287 288 292 293 294 296 298 301 302
26 64 290 291
165 203 276
94 179 282 294
7 26 114 147 149 165 168 179 180 185 276 283 286 289 306
114 117 149 203 271 285 299
26 286
302 303 304
77 295 300
7 9 12 14 24 39 60 71 74 94 109 111 114 127 132 137 149 155 158 165 177 179 205 222 228 243 261 269 271 273 276 279 284 290 303 307 309 310 311 312 314 315 317 318 320 323 324 327 328 330 331 334
9 12 132 179
71 86 127 297 302 322
9 12 24 26 56 111 112 114 163 165 168 203 214 271 276 289 305 309 310 313 316 318 325 326 329 332
21 117 136 204 308 318 319 333
132 163 276 289
14 271 319 321
136 333
1 3 6 7 9 10 12 14 17 18 19 22 27 29 31 37 40 41 43 45 50 53 55 57 59 61 62 63 64 66 68 69 70 71 72 73 74 75 77 79 86 87 89 91
12 18 59 71 74
14 41
6 44 62 86
6 7 18 45 56 63 65 82 84 85
2 12 67 80 81 83 85 90
2 12 19 80 81 83
58 67 78
1 2 3 6 7 9 12 14 17 18 19 24 31 35 39 40 44 45 48 50 51 55 63 75 77 85 86 88 90 92 93 94 95 96 97 99 101 103 104 108 109 110 111 113 114 115 116 117 118 120 122
6 7 12 121
7 15 24 40 51 90 99 101 103
12 102
7 12 14 24 26 46 51 90 94 102 105 107 112 115 119
12 53 98 102 103 106
15 46 51
92 95 114
100 103 106
19 101
1 2 3 6 7 8 9 12 14 17 18 31 32 35 37 39 42 50 51 55 56 59 64 70 71 72 86 88 90 94 96 99 115 123 124 125 126 127 128 129 130 131 134 135 137 139 140 141 144 145 148 149
126 127
51 59
6 39 71 139
6 9 12 37 40 60 90 105 114 115 132 138 140 143 144 145 148
14 90 102 117 133 136 146 150
51 149
90 102 136
55 79 114 142
51 149
3 6 7 9 12 15 18 22 24 31 35 40 43 51 53 59 71 76 90 99 109 111 114 115 117 126 137 140 148 151 153 154 156 157 158 159 160 162 163 164 165 167 168 169 170
40 59 64
9 51 147 163 165
1 6 9 28 31 85 90 102 114 121 132 136 147 152 155 159 163 165
1 28 85 90 102 114 117 125 152 163 166
132 136
85 90 125 161
12 90 113
90 117
90 126
6 7 9 12 14 17 24 27 35 36 37 40 51 59 71 75 85 86 88 90 109 113 145 174 175 176 177 178 179 186 189 191
40 59 71 85 90
51 90 163
12 64 71 181 182
6 12 17 26 46 51 71 90 114 123 132 144 147 148 149 161 168 172 183 187 188
6 28 64 80 90 117 147 171 172 180 184 190
26 46 132 144 149 172
53 168
78 190
40 85
75 117
78 190
6 7 9 12 14 17 19 23 32 35 37 39 40 42 47 51 59 60 71 77 81 94 109 113 114 147 161 167 175 179 182 183 186 189 197
7 37 197
9 14 165
19 71 186 189 200
9 14 21 26 35 40 44 46 114 117 148 163 192 193 194 196
21 26 78 90 195 198
117 148 196
25 199
56 195
6 114 171
1 4 5 6 7 9 10 12 13 14 22 27 30 35 39 40 50 51 64 66 70 71 77 79 85 86 94 107 109 114 123 127 130 137 149 158 165 179 186 200 206 207 209 210 213 217 219 221 222 223 224 226 227
12 40 66 71 85 123 158
51 90 148 165
1 14 179 186 201 205 219
12 26 40 45 51 57 114 117 123 130 132 147 154 161 165 172 194 202 203 214 218
14 117 179 220
26 38 161 165
78 204 208 212
211 225
114 215 216
130 147
1 2 3 5 6 7 8 9 12 14 18 19 22 23 27 33 36 40 51 60 66 71 72 94 100 109 111 113 114 115 123 132 137 142 147 161 165 167 170 179 206 214 226 227 228 230 231 232 233 234 235 238 240 241 243 244 245 252
7 35 51 165 179 249
9 52 163 230 239
66 137 179 244
7 9 14 26 51 112 114 132 147 155 161 179 214 242 248 249 253
46 117 237 246 251 254 255
2 60 111 137 157 227 236 240 241 247
46 255
3 4 6 7 9 12 14 18 19 22 23 26 27 29 33 35 39 51 64 71 86 93 94 107 109 111 115 120 123 127 137 149 158 168 179 182 186 187 227 230 243 244 256 261 262 265 266 269 270 272 273 277 280 281
71 158 179 270
214 264
19 265
7 26 38 41 46 52 86 112 117 147 148 165 168 179 185 203 214 258 260 264 266 274 275 278 279
28 34 117 171 257 259 263 267 268 271
28 257
39 43 179 262
85 183 263 276
1 7 9 16 18 28 30 37 40 41 49 50 59 71 72 94 109 114 127 137 149 166 168 175 179 182 244 245 261 273 279 284 287 288 292 293 294 296 298 301 302 307
26 64 290 291
22 40 123
165 203 276
86 94 127 179 282 294 297
9 26 112 114 149 163 168 180 185 271 276 283 286 289 305
114 117 149 203 204 271 285 299 308
26 163 286
271 302 303 304
7 79
77 295 300
9 11 12 14 18 24 35 39 59 60 71 94 109 111 114 127 132 137 155 158 165 177 179 188 205 222 228 269 271 273 276 279 284 290 303 309 310 311 312 314 315 317 318 320 323 327 328 330 331 334 335
9 12 132 179
71 302 322
9 12 14 24 26 56 111 114 165 168 203 214 271 276 306 309 310 313 316 318 325 326 329 332
117 318 319 333 337
21 132 276 289
14 319 321
136 333
1 5 6 7 8 12 14 22 24 31 37 39 48 49 51 66 71 86 94 109 111 137 140 145 179 189 222 262 265 272 273 277 279 284 289 307 316 324 327 334 335 336 338 342 343 344 345 347 350 357 358
51 109 165 284 340
7 88 165
29 179 228
7 39 51 64 71 117 132 136 165 179 185 203 272 289 290 339 348 351 352 353 359
34 54 56 117 136 184 263 271 299 341 346 348 351 354 355 356
132 351
117 263 299
166 263 356
14 71 119 306 349
1 3 6 7 9 10 12 13 14 17 18 19 22 24 27 31 35 37 39 40 44 45 50 57 59 62 63 64 66 68 69 70 71 72 73 74 75 76 77 86 87 88 89 91 93 94 95
7 12 18 24 51 71 74
6 44 62 86
6 7 14 18 24 26 45 56 63 65 82 84 85 94
2 12 34 54 67 80 81 83 85 90
15 21 46 51 85
2 12 80 81 83
7 92
67 78
1 3 4 6 7 9 12 14 18 19 23 29 35 40 48 50 51 55 61 75 77 79 85 86 88 90 92 94 96 97 101 103 104 107 108 109 110 111 113 114 115 116 117 118 120 122
6 7 12 121
15 40 51 71 90 99 101 103
7 12 102
12 14 21 56 90 94 102 105 107 112 115
12 53 98 102 103 106
43 95 114
100 103 106
19 101
1 2 3 4 6 7 8 9 12 15 17 18 22 31 35 37 39 42 43 50 51 53 55 56 64 70 71 72 86 88 90 94 96 99 123 124 125 126 127 128 129 130 131 134 135 137 139 140 141 144 145 148 149
126 127
7 51 64
12 51
6 39 71 139
12 26 37 40 45 51 60 90 112 114 132 138 140 143 144 145 148
14 90 102 117 133 136 146
51 149
90 102 136
79 114 142
51 149
1 3 6 7 9 12 14 22 23 31 40 48 49 51 55 59 63 71 86 90 96 99 109 111 115 126 140 148 151 154 156 157 158 160 162
51 59
9 51 147 163
1 6 9 28 38 46 52 85 90 102 114 115 119 136 144 147 148 152 155 159 163 165
1 28 85 90 102 114 117 125 150 152 163 166
85 90 125 161
90 117
90 117 126
1 3 5 6 7 8 9 12 16 17 23 24 27 31 35 40 51 59 71 75 85 86 90 94 109 113 114 115 137 140 145 149 159 163 165 167 168 169 170 174 175 176 177 178 179
40 59 71 85 90
51 90 163 165
12 26 31 46 51 71 90 114 121 132 144 149 161 172
21 28 64 80 117 147 171 172 180
26 46 132 144 149 172
25 90
7 12 90 113 168
40 85
6 7 10 12 14 17 22 28 30 31 37 39 40 41 43 51 59 60 71 77 109 113 114 153 161 175 178 179 182 186 189 191 197
37 197
12 71 181 182
6 9 14 26 35 40 46 51 117 123 147 148 161 163 168 183 185 187 192 194 196
6 78 85 90 184 190 195
117 148 196
53 114 171
78 190
78 190
1 6 7 9 12 14 17 18 19 22 23 27 31 37 39 40 41 42 47 50 53 71 79 81 94 109 114 123 137 147 165 167 179 183 186 189 197 206 207 209
9 14 165
1 19 71 186 189 200 201 205
7 9 14 26 40 51 114 147 148 154 161 193 194 202 203
26 179 198
78 199 204 208
1 7 9 11 12 14 22 27 30 35 36 40 50 51 64 66 70 71 77 86 94 107 109 123 127 130 137 149 165 179 186 200 210 213 217 219 221
12 35 40 66 71 123
51 90 148 165
14 179 186 219
12 26 44 51 117 123 132 161 165 172 214 218
14 117 179 220
26 38 161 165
28 211
215 216
6 7 9 12 14 19 27 29 33 35 36 37 40 64 71 72 85 94 100 109 113 123 137 147 158 164 167 179 186 206 222 223 224 226 227 228 230 231 232 233 234 235
7 22 40 85 158
7 14 17 57 112 114 130 147 214
28 237
227 236
22 223
130 147
2 3 5 6 7 8 9 12 18 19 22 32 51 60 66 71 93 94 107 109 111 113 114 115 120 132 137 142 161 165 167 168 170 179 206 214 238 240 241 243 244 245 252 256 261
51 179 249
9 52 230 239
66 137 179 244
9 51 112 114 117 132 147 155 161 179 188 214 242 248 249 253 258 260
46 117 246 251 254 255 257 259 263
2 6 39 60 111 137 157 179 240 241 247 262
183 250 263
46 117 255
1 7 9 12 14 23 26 35 39 49 51 59 71 72 86 94 109 111 117 123 127 137 158 179 182 186 187 227 230 243 244 262 265 266 269 270 272 273 277 280 281 284 287 288 292 293 294 296
26 290
59 71 123 158 179 270
203 214 264
19 179 265 282 294
7 26 41 46 86 112 147 148 165 168 179 180 185 203 214 264 266 274 275 278 279 283 286 289
117 171 203 267 268 285
26 286
6 263
85 276
2 4 6 7 9 12 14 24 32 37 59 71 72 94 96 109 114 127 137 149 165 166 168 179 182 188 205 244 245 261 271 273 276 279 284 287 293 298 301 302 303 307 309 310 311 312 314 315
64 291
9 12 165
165 276
71 86 94 127 179 297
7 9 12 24 26 105 114 149 163 168 271 276 289 305 306 309 310 313
114 117 149 204 271 299 308
26 163 289
271 302 303 304
77 300
1 3 6 7 9 10 12 14 18 22 27 31 35 37 40 44 45 50 51 59 63 69 70 71 72 73 74 75 76 79 86 87 88 89 91
7 12 18 71 74
6 44 62 86
6 7 52 56 82 84 85
2 12 67 80 81 83 85 90
2 12 25 80 81 83
58 67 78
1 3 6 7 9 12 14 17 18 19 24 31 35 36 37 39 40 45 47 51 55 63 66 75 77 88 90 92 93 94 95 96 97 101 103 104 108 109 110 111
6 7 12
7 15 24 40 51 90 99 101 103
24 102 105 107
12 28 34 53 98 102 103 106
15 46 51
100 103 106
19 101
1 2 6 7 8 12 14 18 19 22 31 32 35 36 39 42 48 50 53 56 70 71 77 86 90 94 96 99 107 113 114 115 116 117 118 120 122 123 124 125 126 127 128 129 131 134 135
121 126 127
12 102
39 71
12 14 38 40 51 90 94 112 114 115 119 132
14 21 90 102 133 136
102 136
79 95 114
3 5 6 7 9 17 18 23 24 31 35 37 40 42 50 51 55 59 71 72 86 88 90 96 99 109 115 137 139 140 141 144 145 148 149 151 153 154 156 157
51 59 64
6 86 139
1 6 28 31 37 46 60 85 90 102 105 115 138 140 143 144 145 148 155
1 28 54 85 90 102 117 136 150 152
51 149
55 142
51 149
90 117
3 6 7 9 12 24 31 37 40 51 59 71 75 85 90 109 111 113 114 115 117 126 130 137 140 148 149 158 159 160 162 163 165 167 168 169 170
40 59 85
7 9 51 90 147 163 165
9 21 90 114 121 132 136 147 152 159 163 165
80 85 90 114 117 125 147 163 166 171 172
132 136
19 85 90 125 161
12 90 113
40 85
75 117 126
1 4 6 7 9 10 12 17 23 27 30 32 35 40 51 59 64 71 86 90 94 109 113 140 145 174 175 176 177 178 179
40 59 71 90
12 64 181 182
6 7 12 17 26 44 46 51 71 90 114 132 144 147 148 149 161 168 172 183 185
6 28 64 117 180 184
26 46 132 144 149 172
53 168
1 6 7 9 12 14 17 19 23 29 37 39 40 41 51 71 77 81 109 114 147 161 167 175 179 182 183 186 189 191 197
37 197
1 71 186 189 200
6 9 14 26 35 40 51 117 123 148 163 187 188 192 193 194 196
26 78 190 195 198
117 148 196
56 195
6 114 171
78 190
78 190
1 5 6 7 12 13 14 17 19 22 27 29 37 39 40 43 50 51 55 57 64 66 70 71 79 86 94 109 114 123 130 137 149 165 179 186 206 207 209 210 213
12 22 66 71 123
9 51 90 148 165
19 71 179 186 201 205
9 12 14 26 40 51 56 114 117 123 132 147 154 161 165 172 194 202 203
117 179
26 161
78 90 204 208 212
4 6 7 9 12 14 18 19 30 33 35 37 40 50 59 61 62 71 77 85 94 107 109 123 127 137 147 158 164 165 167 179 186 200 206 217 219 221 222 223 224 227 228
35 40 59 85 123 158
14 219
9 14 26 45 112 114 130 147 214 218
14 146 220
215 216 227
130 147
1 2 3 5 6 7 9 10 11 12 14 17 18 22 27 29 35 42 43 50 51 60 64 66 71 72 94 107 109 111 113 114 115 132 137 142 161 165 167 170 179 206 214 226 227 230 231 232 233 234 235 238 240 241 243 244 245 252 256
7 51 59 165 179 249
9 52 163 230 239
19 66 137 179 244
7 9 51 114 132 147 155 161 179 214 242 248 249 258
46 117 237 246 251 254 255 257 259
2 60 111 137 157 236 240 241 247
46 255
1 4 6 12 14 18 19 22 23 26 35 39 48 59 60 71 77 86 93 94 100 109 111 120 127 137 158 168 179 182 186 187 188 226 227 243 244 261 262 265 266 269 270 272 273 277
158 179 270
214 264
179 265
26 46 51 57 63 65 86 112 117 148 168 179 203 214 253 260 264 266 274 275 279
34 117 171 263 267 268 271
7 39 114 179 262
183 263 276
6 7 9 12 14 15 16 18 19 27 28 33 35 39 41 49 50 59 68 71 72 94 111 123 127 149 166 168 179 182 230 243 244 245 261 273 280 281 284 287 288 292 293 294 296 298 301 302
26 64 290 291
71 123
165 203 276
94 127 179 282 294 297
7 18 26 41 45 112 147 149 165 168 180 185 276 278 283 286 289 305
117 149 203 271 285 299
26 286
271 302 303 304
295 300
1 3 6 7 9 10 12 14 17 18 19 22 24 28 31 32 35 37 39 40 44 45 50 57 63 71 72 74 75 76 77 79 86 87 88 89 91 93 94 95
7 12 15 18 24 51 71
6 44 86
6 7 24 63 82 84 85 94
2 12 80 81 83 85 90
15 51 85
2 12 80 81 83
7 92
1 3 6 7 9 12 14 18 19 22 32 35 37 40 43 45 48 50 55 59 71 72 73 75 77 85 86 88 90 92 94 96 97 99 101 103 107 108 109 110 111 113 114 115 116 117 118 120 122
6 7 12 121
7 40 90 99 101 103
7 12 102
12 14 18 45 46 51 57 90 94 102 107 112 115 119
12 14 53 67 98 102 103 106
95 114
100 103 106
19 101
2 5 6 7 8 9 10 12 14 18 27 31 35 37 39 42 50 51 53 56 59 64 70 71 72 75 86 88 90 94 96 99 123 124 125 126 127 128 129 130 131 134 135 137 139 140 141 144 145 149
126 127
51 64 74
12 51
6 39 62 71 139
6 12 37 38 40 60 90 105 112 114 132 138 140 143 144 145 148
90 102 117 133 136 146 150
51 149
90 102 136
7 79 114 142
58 136
51 149
6 7 9 12 14 17 18 31 40 47 51 55 63 64 69 71 86 90 99 104 109 111 114 115 126 140 148 151 153 154 157 158 160 162 164 165
51 59
9 51 147 163 165
1 6 9 26 28 31 46 56 85 90 102 114 115 121 132 136 147 152 155 163 165
1 28 85 90 102 114 117 125 152 163 166
25 85 90 125 161
43 55 113
90 117
90 117
1 2 3 4 5 6 7 9 10 12 16 17 18 22 23 24 27 29 35 40 49 51 55 59 60 62 63 66 70 71 75 85 86 90 94 109 113 117 137 140 145 149 159 163 169 170 174 175 176 177 178
22 40 59 71 85 90
51 90 163
19 64
12 21 26 46 71 90 114 132 144 149 159 161 172
28 34 64 80 85 90 117 147 171 172
21 26 46 132 144 149 172
12 90
40 85
75 126
6 7 9 12 14 17 22 23 31 33 37 39 40 41 51 59 71 77 81 109 113 114 161 175 179 182 186 191 197
12 71 182
6 9 14 26 35 40 45 51 117 147 148 161 168 183 185 187 188 192 193 196
6 26 34 54 78 117 180 184 190 195 198
117 148 196
6 53 114 168 171
67 78 190
78 190
3 4 7 9 11 12 19 22 37 40 43 50 59 64 71 79 94 109 114 123 137 147 165 167 178 179 186 189 206 207 209 210
9 14 165
1 19 71 186 189 200 201 205
9 14 26 40 44 51 114 132 147 154 161 194 202 203
21 117 179
26 161
204 208
1 6 7 8 9 12 14 15 27 30 39 40 50 51 63 66 68 70 71 77 85 86 94 107 109 123 127 130 137 149 158 165 179 186 189 200 213 217 219 221 222
12 37 40 66 71 85 123 158
51 90 148 165
14 179 219
12 26 51 52 90 117 123 165 172 214 218
14 220
26 165
78 212
215 216
1 2 3 6 7 9 12 13 14 19 23 33 35 37 51 60 64 71 72 94 109 111 113 114 123 132 137 147 161 165 167 170 179 183 186 197 206 214 222 223 224 226 227 230 231 233 235 238 240 241
7 35 165
163 230 239
7 14 56 112 114 130 132 147 161 214
179 237
28 225
2 60 111 137 157 227 236 240 241
130 147
5 6 7 9 12 18 22 27 30 50 51 61 66 71 94 100 107 109 111 113 115 120 137 142 179 227 232 234 243 244 245 252 256 261
51 179 249
9 51 52
66 137 179
7 9 51 65 105 112 114 147 155 163 179 214 242 248 249 253 258 260
28 46 102 117 246 251 254 255 257 259 263
179 247 262
250 263
46 117 255
1 6 12 19 26 35 39 41 42 48 51 53 71 86 93 109 127 137 158 167 168 179 182 186 187 188 227 243 244 266 269 270 272 273 277
71 158 179 270
244 265
26 41 46 86 117 168 179 203 214 264 266 274
117 171 267 268 271
183 276
7 9 12 14 17 23 29 35 36 40 49 50 59 71 72 94 111 113 114 123 127 137 149 156 166 168 179 182 228 230 243 244 245 261 262 265 273 279 280 281 284 287 288 292 293 294 296 298 301 302
26 64 290 291
165 203 214 276
86 94 127 179 181 282 294 297
7 17 26 112 114 147 148 149 165 168 179 180 185 266 275 276 278 279 283 286 289 305 306
114 117 149 203 271 285 299
26 38 286
19 271 302 303 304
77 295 300
1 9 12 14 35 39 40 51 71 77 96 109 111 113 114 115 123 127 130 137 140 158 167 189 222 230 261 273 284 293 302 311 314 334 335 347 357 358 359 368 379 380 383 386 391
39 51 90 94 165
163 165 374
71 282 284 361
21 26 39 90 165 185 271 311 331 334 356 384 387 392
85 90 117 154 271 342 356 373 375 377 385
271 373
25 166 253 337 381
154 381
14 39 112 113 155 171 261 388
37 109
90 100 378 382
373 375 377
12 14 18 31 42 50 51 57 79 85 94 113 127 137 141 159 165 179 197 227 228 230 244 278 282 284 331 334 335 348 367 368 393 394 395 396 399 404 405 407 411 412
7 9 71 165 239 393 412
179 322
42 121 165 283 313 331 332 356 359 373 401 406 407 408
84 259 271 368 381 400 403 410
397 398
83 117 159 166 368 381 385 400 410
263 368 390 402 403
78 84 373 403
295 303 366
4 5 6 7 9 12 14 17 19 22 23 24 27 31 36 37 40 50 51 63 71 75 77 88 90 92 94 96 103 104 113 114 117 118 137 140 148 162 165 175 176 179 182 222 230 233 243 244 265 273 284 290 314 327 335 391 412 414 415 416 417 419 421 427 430
12 24 36 51 71 103 218 230 273 387 391
12 51 90 163 165 283 414
27 41
29 64 179 200 265
6 7 12 14 26 36 37 38 46 51 57 85 90 100 102 114 121 132 148 152 161 165 171 172 218 233 260 331 348 356 381 401 402 414 420 424 425 427 429
26 28 35 64 85 90 102 117 125 152 166 184 254 267 268 348 381 402 418 420 422
26 84 121 165 172 194 331 348 381 401 420 428
90 125 199 204 208
7 55 92 262
26 35 348 418 422
171 267 348 381 413
295 381
1 2 3 4 5 6 7 8 9 10 11 12 13 14 16 17 18 19 22 23 24 26 27 28 29 30 31 32 33 35 36 37 39 40 41 42 43 44 45 49 50 51 53 55 57 59 60 63 64 66 68 69 70 71 72 73 74 75 76 77 79 84 85 86 88 90 93 94 96 99 101 103 107 108 109 110 111 113 114 115 118 120 122 123 124 125 126 127 130 132 134 135 137 139 140 141 142 145 147 148 149 153 154 155 157 158 159 160 161 163 164 165 166 167 168 169 170 174 175 176 177 178 179 182 183 186 188 189 191 197 200 205 206 209 213 219 221 222 224 226 227 228 232 235 238 239 240 241 243 244 245 252 256 261 262 265 266 269 270 271 272 273 276 277 278 279 281 284 287 288 289 290 292 293 294 296 298 301 302 303 307 309 310 312 314 315 316 317 318 320 323 324 327 328 330 331 334 335 336 338 343 344 345 350 357 358 362 363 364 365 371 386 388 393 403 421 426 429 433 434 437 442 443 444 447 449 452 453 456 458
6 7 8 64 121 175 291
7 9 12 15 22 35 37 40 51 59 64 66 71 74 85 90 99 109 123 132 165 179 197 249 270 284 364 439 443
9 14 51 52 88 90 102 147 148 165 168 203 214 230 275 373
6 19 39 44 62 71 86 94 127 137 160 179 186 189 201 205 219 228 244 294 297 302
6 7 9 12 14 18 21 24 26 28 36 37 40 41 44 45 46 51 52 56 60 64 71 72 82 84 85 86 90 94 105 107 111 112 114 115 117 119 123 132 136 140 144 145 147 148 149 154 155 161 163 165 168 172 179 180 185 187 194 196 203 214 218 222 248 253 258 264 266 271 272 274 275 276 278 279 286 289 290 305 306 309 310 313 316 318 325 326 329 331 339 348 351 353 356 359 368 369 432 435 439 446 447 454
1 2 6 14 21 26 28 34 40 46 53 54 56 67 78 81 83 85 90 102 106 114 117 136 147 149 163 171 179 180 198 203 204 220 221 237 247 255 259 263 271 285 299 302 308 318 333 337 341 346 348 351 354 355 356 370 372 407 420 423 431 432 438 441 450
21 26 38 46 51 90 117 132 144 149 163 165 196 276 286 289 351 377 439
2 14 19 78 80 81 83 85 102 117 126 136 161 212 263 271 299 303 304 321 348 367 368 445 448 451 457
28 90 146 211 341 348
2 6 7 12 39 43 60 79 90 95 111 113 114 137 142 157 168 179 215 216 227 236 240 241 247 262 357
109 123 261 273 421 433 434
6 67 78 136 263 423
28 34 78 83 136 166 263 333 356 367 368 370 407 436 440
14 40 71 85 100 103 147 183 271 276 349 360
19 101
46 90 117 255
90 126
14 114 133 263 356 372
130 147
77 144 229 300
6 12 18 27 31 35 37 40 42 48 50 51 71 77 90 91 94 97 109 114 115 116 117 123 130 137 144 148 159 166 178 179 189 230 244 266 273 277 279 307 335 361 364 373 384 385 386 421 429 437 447 455 459 460 461 462 466 467 468 474
37 40 51 363 384
14 71 179 189 273 469
1 14 26 46 51 65 79 94 102 138 147 149 161 166 193 202 356 381 437 463 472
12 14 28 117 146 161 166 255 271 368 373 381 402 429 470 471 473 475 476
26 46 51 121 132 356 381 478
284 302
79 114
148 437 466
166 381
3 7 10 12 14 18 21 31 39 41 43 45 49 51 56 59 71 72 75 81 86 90 93 94 96 113 114 115 118 120 123 129 130 131 137 140 145 149 158 160 168 175 179 206 228 243 244 245 273 277 284 287 302 307 335 342 365 393 409 412 426 429 449 469 479 482 483 486 489 491
368 465 483 484
51 71 94 158
368 464
9 26 63 85 112 114 117 132 143 147 159 180 194 230 276 290 331 356 368 373 381 401 402 420 425 429 470 483 484 485 490
133 184 195 271 319 348 381 470 477 483 487
85 132 148 149
28 51 90 166 319 470 471 480 481 483
342 364
373 381 483 487 488
100 106 119
271 460 483
381 470 487 488
1 7 9 10 12 15 16 17 23 24 35 39 47 51 55 59 64 66 70 71 72 89 90 92 94 95 96 99 109 113 114 115 123 127 128 130 137 147 149 151 165 167 179 182 207 222 227 228 273 284 307 363 365 393 398 401 421 452 493 497 499 500 502 505 506 508 509 510
12 23
7 18 51 165 383 398 505
12 51 165 185 383 398 452 507
1 6 12 16 66 181
7 24 31 45 46 47 52 56 94 100 112 114 115 123 130 144 168 185 214 271 284 381 420 492 495 504
56 90 98 103 114 190 251 257 271 274 295 381 409 420 483 494 495 496
15 51 185 381 483 496
251 480 483 494
56 257
53 114 179
58 102
480 483
100 504
7 409
1 3 7 14 31 37 40 41 51 59 60 63 71 72 77 85 86 90 94 99 109 123 124 147 167 168 178 179 185 189 210 222 273 277 278 284 307 318 335 342 367 368 383 403 421 430 455 469 470 484 503 505 508 511 514 516 517 518
126 127
40 51 101 348 383 421 523
9 239 505 507 513 521
19 71 205 228 311 335 383 519 520
14 37 39 71 72 100 114 117 147 149 155 163 183 249 381 403 428 446 470 514 522 523
14 80 117 150 172 179 211 246 337 348 381 409 470 501 512
26 46 123 383 446
348 381
505 518
37 514
1 6 7 9 12 14 18 19 22 27 30 35 37 40 42 47 48 51 59 61 63 71 84 86 88 90 94 100 137 144 147 160 179 185 186 189 217 222 243 245 271 273 284 302 307 342 343 356 363 379 385 416 421 455 476 491 505 523 525 532 533 534
90 158 284 421 505
12 264 421
26 50 51 56 90 94 117 132 147 155 179 188 192 273 348 381 383 384 393 421 514 523 524 526 527 528
56 80 117 159 198 253 259 271 381 407 470 477 488
90 303 381 483
171 526
137 505
100 117
90 100 117 119
71 460 476 491
198 381
6 7 9 12 29 40 47 50 64 71 94 111 123 137 152 178 179 187 222 223 228 230 231 243 280 284 292 302 307 311 314 323 334 335 363 365 373 383 384 391 393 421 449 486 500 505 510 514 523 524 531 535 539 540 541 542 543 546 547 549 551 553
26 290 363 552
260 273 363 391 414 421 486 505 523 550 554
7 276 348 420 421 537 554
524 553
71 139 228 500 546 549
6 9 26 40 48 56 85 111 112 114 148 161 271 273 334 340 381 401 421 463 486 510 523 526 538
243 271 348 373 379 381 403 470 536 557
84 161 271 492 556
180 348 381 403 470 536 544 545
14 529
85 103 250 356 550 555
421 535
1 6 7 8 9 14 19 35 36 37 41 48 50 59 62 64 68 71 77 86 111 115 137 147 156 179 201 222 265 277 284 302 311 327 335 342 343 363 379 393 395 409 421 482 505 514 523 530 543 558 559 562 563 568
9 51 59 144 272 340 342 505 523
19 179 182 418
17 26 35 64 65 84 107 136 152 214 242 271 283 343 348 352 377 381 409 420 421 437 482 528 535 554 560 561 565 566
34 263 271 381 470 476 522 564 567
132 136 271 343 348 454 482 561
381 476 480
225 381 480
223 363
1 6 7 9 12 18 37 39 51 66 87 90 96 111 115 118 123 137 179 186 197 214 234 243 244 249 253 273 277 284 307 322 335 363 364 365 403 405 421 430 476 498 499 505 523 524 573 575 577 578 579 584
37 51 277 363 421 505 523 577 581 584
40 51 249 277
6 71 86 182 311
40 51 56 90 112 132 266 277 327 348 373 420 505 523 571 572 574 577 582 583
34 117 166 267 295 381 483 569 570 576
12 184 295 381 483 569 570 576
190 381 580
184 580
1 2 3 4 6 7 9 12 14 18 22 24 28 29 35 37 41 48 50 51 53 55 59 63 64 70 71 74 75 77 86 88 90 92 94 96 99 101 103 104 107 108 109 110 111 113 114 115 116 117 118 120 122 123 124 125 128 129 130
121 126 127
7 24 51 59 90 101 103
12 102
39 71 86
7 12 14 17 21 38 40 51 57 82 90 94 102 105 107 112 114 115 119
2 12 14 53 81 102 103 106
21 38 85
2 19
7 95 114
103 106
1 3 5 6 7 8 9 10 14 17 18 19 22 23 31 35 36 37 39 41 42 50 51 55 56 59 63 64 66 69 70 71 72 76 79 86 88 89 90 94 96 99 109 124 126 127 131 135 137 139 140 141 144 145 148 149
7 127
22 51 59 64
12 51
6 86 139
6 9 31 37 90 94 105 115 132 138 140 143 144 145 148
21 90 117 136 150
51 149
90 102 136
55 79 114 142
51 149
1 2 3 4 6 7 12 14 17 22 24 27 31 40 50 51 59 60 71 72 90 96 99 109 111 113 114 115 117 134 137 140 148 149 151 153 154 156 157 159 160 163 164 165 167 168 169 170
40 51 85
9 51 147 163 165
1 6 9 28 45 46 56 85 90 102 114 121 132 136 144 147 152 155 159 163 165
1 28 64 80 85 90 102 114 117 125 146 147 152 163 166 171
132 136
12 85 90 125 161
12 90 113
6 58
40 85
90 117
90 117
1 5 6 7 8 9 12 14 18 23 27 32 35 37 40 42 43 51 59 61 63 71 73 85 86 90 94 109 113 114 140 145 174 175 176 177 178 179 186 189 191
12 173
40 59 71 90 99
51 90 163
12 64 71 181 182
6 12 14 26 35 44 46 51 56 60 63 71 84 85 90 114 117 123 132 144 147 148 149 161 163 168 172 183 185 187 188 192 193 194
6 12 90 117 180 184 190
26 46 117 132 144 149 172
6 53 92 114 168 171
78 190
1 3 6 7 9 12 13 14 15 16 17 19 23 33 37 39 40 43 50 51 55 63 64 71 77 79 81 94 97 109 114 123 137 147 161 162 165 167 175 179 182 183 186 189 197
12 37 197
9 14 51 165
19 71 186 189 200 201 205
9 14 26 40 147 194 196 202 203
26 78 83 117 179 198
15 148 196
78 199 204
56 195
7 43 79
1 6 7 9 12 14 17 22 27 30 35 40 45 48 51 66 70 71 77 85 86 87 90 93 94 99 107 109 123 126 127 130 137 149 158 165 179 186 200 206 207 209 210 213 217 219 222 223 224
15 35 40 66 71 85 123 158
51 90 148 165
27 41
14 179 219
12 26 51 112 114 117 123 130 132 147 148 154 161 165 172 214 218
14 34 117 179 220
26 46 161 165
208 212
215 216
130 147
2 3 5 6 7 9 12 19 33 40 51 60 62 64 66 68 71 72 90 94 100 109 111 113 114 115 123 132 137 142 147 161 165 167 170 179 206 214 222 226 227 228 230 231 232 233 234 235 238 240 241 243 244
7 51 59 71 165 179 249
52 163 230 239
6 66 71 137 179
7 14 18 24 51 52 114 132 147 155 161 179 214 242 249
28 67 98 172 237 246 251
2 60 111 137 157 227 240 241 247
1 3 5 6 7 10 12 14 17 18 23 26 27 29 35 36 37 39 40 44 45 47 51 71 72 86 107 109 111 113 120 127 137 158 168 179 182 186 187 188 221 227 243 244 252 256 261 265 266 269 270 272 273
71 158 179 270
9 214 264
44 179 265
9 26 41 46 51 86 112 114 168 179 203 214 253 258 260 264 266 274 275 278
46 117 171 254 255 257 259 263 267 268 271
39 179 262
100 183 263 276
46 117 255
6 7 9 10 12 14 18 22 23 35 37 49 50 59 63 71 72 75 77 94 111 114 123 127 137 149 166 168 179 182 230 243 244 245 261 262 273 277 279 280 281 284 287 288 292 293 294 296 298 301 302
6 26 64 290 291
165 203 276
94 127 179 282 294 297
7 9 26 65 112 114 117 147 148 149 165 168 179 180 185 248 276 279 283 286 289 305 306
54 80 117 149 203 267 271 285 299
26 286
25 80 302 303
1 9 12 14 18 19 22 24 27 30 31 32 39 50 51 59 60 71 72 75 85 93 94 109 114 127 132 137 148 149 158 165 177 179 205 222 228 243 244 269 271 273 276 279 284 303 307 309 310 311 312 314 315 317 318 320 323 324
9 12 132
19 71 86 179 244 302 322
7 9 12 24 26 114 163 165 168 214 271 276 289 309 310 313 316 318 325 326
114 117 133 204 308 318 319
132 163 276 289
14 83 319 321
77 295
1 4 6 7 11 12 14 18 24 31 35 37 39 49 50 51 57 71 75 77 91 94 95 109 111 137 155 158 165 179 189 222 226 228 261 262 272 273 277 279 284 289 290 318 327 328 330 331 334 335 336 338 342 344 345 347
12 18 51 74 165 179 284 340
7 165
1 6 179 228
7 14 51 56 64 71 111 114 132 136 165 179 203 271 272 289 329 332 339 348
34 85 136 184 195 271 333 337 341 346
51 132
271 304
225 341
136 333
46 117
1 3 6 7 8 9 12 14 17 19 23 27 29 35 39 40 53 66 71 86 94 103 109 130 137 145 179 189 222 261 265 279 284 307 316 323 327 335 343 350 357 358 359 361 362 363 364 365 371
9 40 90 109 363 364
29 71 361
39 85 90 117 203 271 283 290 351 352 353 359 369
14 56 117 259 263 299 302 348 351 354 355 356 370 372
83 117 263 299 367 368
79 261 357
37 109
83 166 263 356 367 368 370
14 71 100 119 306 349 360
14 372
3 6 7 9 10 12 14 17 18 31 35 37 39 40 43 44 45 50 51 55 59 60 61 63 72 75 77 79 85 88 90 93 94 95 96 97 99 101 103 104 109 110
6 7 12
15 18 24 40 51 59 90 99 101 103
6 86
6 7 24 63 102 105 107
2 21 80 98 102 103 106
15 51
19 83
6 58 102
100 103 106
19 101
1 2 3 6 7 8 9 12 13 14 16 18 19 22 23 29 31 35 37 39 40 42 47 50 53 56 59 64 70 71 77 88 90 92 94 96 99 107 111 113 114 115 116 117 118 120 122 123 124 125 126 127 128 129 130 131 134 135
121 126 127
12 102
19 39 71
12 14 21 40 90 94 112 114 115 119 132
12 53 90 102 133 136
79 95 114
1 3 4 6 7 9 10 11 12 14 17 18 22 23 27 31 35 36 37 40 41 42 48 50 51 55 59 63 71 72 74 86 88 89 90 96 99 109 115 137 139 140 141 144 145 148 149 151 153 154 156 157 158
22 51 59 64
6 139
1 6 9 28 31 37 38 45 46 56 60 82 85 90 102 105 115 138 140 143 144 145 148 152 155
1 28 85 90 102 117 146 150 152
38 51
81 90
55 142
51 149
90 117
1 3 5 6 7 9 12 19 22 28 32 35 40 49 50 51 59 69 85 86 87 90 94 109 111 113 114 115 117 126 137 140 148 149 159 160 163 164 165 167 168 169 170 174
12 40 59 85 90
9 90 147 163 165
14 41
7 9 45 90 94 114 121 132 136 147 159 163 165
64 80 85 90 114 117 125 163 166 171 172
46 132 136 149
85 90 125 161
7 12 113
40 85
75 90 117 126
1 6 7 9 12 14 17 18 22 24 27 31 35 39 40 50 51 59 71 75 76 77 86 90 109 113 114 140 145 161 175 176 177 178 179 186 189 191
7 59 71
7 51
12 64 71 181 182
6 9 12 14 26 35 46 51 71 90 117 123 132 144 147 148 149 161 163 168 172 183 185 187 188 192 193 194 196
6 28 78 83 117 180 184 190 195
26 46 117 132 144 148 149 172
25 80 90
28 195
6 53 90 114 168 171
78 190
78 190
4 5 6 7 8 9 12 14 15 18 19 23 24 30 31 35 36 37 40 43 50 53 59 63 64 66 71 81 109 114 123 147 165 167 175 179 182 186 189 197
8 175
37 59 197
9 14 165
1 6 19 44 71 186 189 200 201
9 14 18 26 40 44 65 147 202 203
26 67 136 179 198
21 196
1 4 5 6 7 9 12 14 18 22 27 29 30 35 39 40 42 50 51 66 70 71 77 86 94 107 109 114 127 130 137 149 165 179 183 186 197 200 206 207 209 210 213 217 219 221
12 66 71 123
51 90 148 165
14 179 205 219
12 26 51 114 117 123 132 154 161 172 194 214
14 117 147 179 220
26 161 165
78 204 208 212
215 216
1 3 6 7 8 9 10 12 14 19 24 33 37 40 55 64 68 71 72 73 77 85 94 100 109 113 123 137 147 158 167 179 186 200 206 222 223 224 226 227 228 230 232 233 234 235 238
7 35 40 71 85 158
163 230
7 14 46 84 85 112 114 130 147 165 214 218
137 157 227 236
130 147
1 2 5 6 7 9 12 18 27 35 41 45 51 60 66 70 71 72 79 108 109 111 113 114 115 132 137 142 161 162 165 170 179 214 231 240 241 243 244 245 252
51 165 179 249
9 52 239
66 137 244
9 51 114 132 147 155 161 179 214 242 248 249 253
34 54 246 251
136 251
2 7 60 79 111 179 240 241
1 7 12 18 22 26 32 35 39 51 71 86 93 107 109 111 120 127 137 158 168 179 182 186 188 226 227 243 244 256 261 265 269 270 272 273 277
71 158 179 270
214 264
86 179 265
14 26 46 52 86 112 117 179 203 214 258 260 264 266 274 275
12 34 46 117 254 255 257 259 263 267 268 271
26 85
39 262
183 263 276
46 117 255
1 6 7 9 12 14 22 23 35 48 49 57 59 62 71 72 75 91 94 111 114 123 127 149 166 168 179 182 187 230 243 244 245 261 262 266 273 279 280 281 284 287 288 292 293 294 296 298 301 302 307
26 64 290 291
74 123
165 203 276
62 86 94 127 179 282 294 297
7 9 17 26 41 51 57 112 114 147 148 149 163 165 168 179 180 185 276 278 279 283 286 289 305 306
14 81 85 90 114 117 149 171 203 204 271 285 299
26 286
2 271 302 303 304
43 247
77 295 300
