1 2
3 4
5 6
7 8
9 10
11 12
13 14
16 17
15 17
19 20
18 20
22 24 353 458 945 951 1330
23 24
57 58
59 60
61 62
63 64
65 67 951 953
66 67
64 232 947 953
60 172 947 953
58 167 947 953
62 178 947 953
81 82
116 117
160 161
158 159
134 135
132 133
146 147
144 145
83 84
85 86
87 88
89 90
91 92
93 94
95 96
83 399 458 614 1272 1349
85 399 458 1274 1349 1564
87 399 458 1276 1349 1567
89 399 458 958 1278 1349
91 399 458 961 1280 1349
93 399 458 1224 1282 1349
95 399 458 1227 1284 1349
97 98
99 100
101 102
103 104
105 106
107 108
109 110
97 399 458 614 1289 1349
99 399 458 1291 1349 1564
101 399 458 1293 1349 1567
103 399 458 958 1295 1349
105 399 458 961 1297 1349
107 399 458 1224 1299 1349
109 399 458 1227 1301 1349
124 862 951 1182 1183
124 862 951 1184 1185
125 951 1003 1182 1183
125 951 1003 1184 1185
138 240 945 951 1330
163 164
166 167
171 172
177 178
191 945 1498
190 945 1496
181 945 1479
195 945 1526
185 945 1480
200 945 1529
186 945 1481
198 945 1528
187 945 1478
179 467 945
194 945 1501
197 945 1527
182 630 945 951 1182 1183 1213
201 637 945 951 1182 1183 1213
173 174 353 458 951
232 947 1332 1639
172 585 947 1332
167 347 947 1332
178 924 947 1332
191 215 951 1184 1185
190 214 951 1184 1185
181 208 951 1184 1185
195 219 951 1184 1185
185 209 951 1184 1185
200 224 951 1184 1185
186 210 951 1184 1185
198 222 951 1184 1185
187 211 951 1184 1185
179 340 951 1184 1185
194 218 951 1184 1185
197 221 951 1184 1185
215 277 528 951 1074 1221
214 277 528 598 951 1074
208 277 491 528 951 1074
219 277 528 613 951 1074
209 277 490 528 951 1074
224 277 528 951 1074 1171
210 277 528 951 1074 1497
222 277 528 951 1074 1266
211 277 528 951 966 1074
218 277 468 528 951 1074
221 277 528 951 968 1074
281 283 353 458 945 951 1330
282 283
231 232
164 660 944 947 1189 1215
245 246
247 945 1329 1330
278 281 374 945
280 283 376 947
278 280 353 458 945 951 1330
279 280
261 862 951 1184 1185
261 263 951 953
262 263
265 342 589 945
424 1418
277 399 458 1171 1349 1564
277 399 458 1349 1497 1567
277 399 458 958 1266 1349
277 399 458 961 966 1349
277 399 458 1227 1234 1349
277 399 458 1223 1224 1349
277 399 458 613 614 1349
277 399 458 598 599 1349
277 399 458 1221 1230 1349
291 942 945 1155 1187 1213
672 676 951 1625 1626
22 1087
24 1089
429 805 945 990
233 368 881 1474
233 236 945 951 1182 1183
233 235 951 953
234 235
290 293 296 303
290 303 531
296 298 951 953
297 298
299 303 531 951 1182 1183
300 301
299 301
302 303 412 531
349 360 931 951 1349
303 353 458 951 956 1081 1330
353 458 531 1330 1338 1346
308 310 947 1332
307 308
309 310
313 317 947 1332
312 313
314 315 353 458 951
1589 1600 1621 1624
314 317 1288 1393
316 317
305 319 353 458
303 319 531 881 951
111 143 528 951 1393
293 341 353 458
383 528 951 1393
314 325 945 1041
951 1593 1605 1624 1625
323 324 1288 1393
322 323
325 327 1288 1393
326 327
328 330 951 953
329 330
321 328 1393
459 464 718 719
718 719 991 998
718 719 1220 1222
597 602 718 719
612 617 718 719
718 719 1494 1495
718 719 965 1334
718 719 1235 1460
277 292 303 531
293 336 945 1239
331 332
333 334
334 335 364 396
333 510 945
333 945 1001
306 336 368 881
277 422 531 951 1269
293 303 399 458 531 1349
338 339
337 339
293 295 951 953
293 295 1176 1178
294 295
345 945 951 1021 1187
237 238 951 1393
238 508 873 881
342 945 951 995 1187
342 344 951 953
343 344
353 399 458
353 399 844 931
353 399 1006 1028
396 397 528 951
458 478 1349
345 353 399 458 951
342 345 945 1409
345 347 951 953
346 347
348 349 353 458 951
350 360 915 951 1407
350 352 353 458 945 951 1330
351 352 951 953
357 399 945 951 1401
342 399 1349 1371
353 423 458 951 1270
399 603 783
76 366 783
452 603 844 931 951 1012 1330
293 314 833 945
281 402 406 945
283 403 408 947
315 402 409 945
402 403 951 953
278 404 406 945
280 405 408 947
374 402 404 945
376 403 405 947
315 404 410 945
404 405 951 953
315 406 411 945
355 356
361 945 1385 1634
406 408 951 953
362 363
42 277 613 1248
55 277 1171 1250
53 277 1252 1497
46 277 1254 1266
44 277 966 1256
50 277 1223 1258
48 277 1234 1260
305 306 951 1184 1185 1330
358 359 951 952
342 364 945 1408
0 366 768 1502
260 353 367 458 951 956 1330
256 260
368 528 531 1182 1183 1467
368 370 951 953
369 370
374 380 945
353 380 382 458 945 951 1330
353 374 380 458 951 1330
381 382
284 285
374 377
374 1388 1390 1393
368 377 881 1393
377 1388 1390 1393
377 384 399 458 1349 1536
353 377 379 458 945 951 1330
377 379 951 953
377 379 1176 1178
378 379
890 904 951 1182 1183
299 711 951 1182 1183
945 951 1182 1183 1262 1263
293 299 945 951 1182 1183
293 299 945 951 1184 1185
945 951 1184 1185 1338 1341
463 469 945 951 1182 1183
353 385 386 458 951
385 393
392 528 945 951 1187 1633
389 392 945 951
389 391 951 953
390 391
393 715
353 386 388 458 945 951 1330
387 388
90 394 1066 1279
104 394 1066 1296
304 951 1155 1184 1185
15 304 951 1182 1183
119 395 945
281 409 411 945
278 410 411 945
374 409 410 945
859 1083 1093 1096
859 1083 1090 1096
859 1083 1087 1090
859 1083 1086 1087
314 324
321 324 353 458 951
276 396 398 594
128 364 396 951 1150
240 367 764 945 951 1182 1183
342 399 945 1401
502 578 887 945
887 945 1364 1367
400 401
407 408
325 353 411 458 945 951
412 1349 1359 1371
412 508 873 881 951 1393
113 291 528 951
276 377 528 531 951 1333
353 413 945 951
353 414 458 945 951
258 259 951 1184 1185
425 1406
430 433 718 719 726 951
430 433 726 762 763 951
430 433 726 951 1405 1412
353 430 432 458 945 951 1330
431 434 730
434 435 951 953
431 432 951 953
433 435 951 953
353 425 427 458 945 951 1330
425 427 951 953
426 427
361 363 436 438
361 436 528 951
363 438 530 953
436 438 1239 1241
436 439 783
399 439 452 458 513 951 1349
399 436 440 458 1349 1537
353 436 438 458 945 951 1330
436 438 951 953
437 438
251 455 951 1184 1185 1330
174 441 945 951
441 443 1288 1393
442 443
444 452 945 1187
446 454 947 1189
399 444 452 458 873 881 945 951 1349
399 444 452 458 951 1187 1349
399 444 447 458 1349 1538
353 444 446 458 945 951 1330
444 446 951 953
445 446
353 448 450 458 945 951 1330
449 450
371 452 528 951
452 479 486 951 1330
251 353 452 458
452 951 999 1396 1397
452 951 999 1150 1151
452 783 951 999 1464
452 942 951 999 1213
452 783 1187
368 452 881 1219
399 452 456 458 1349 1539
353 452 454 458 945 951 1330
452 454 951 953
453 454
448 451 925 928 945
436 531 951 1462 1467
113 457 951 1184 1185
458 945 951 1028 1187
353 458 945 951 1330
458 1349 1361 1371
353 458 945 951 953 1330
371 373 951 953
372 373
461 893 945 951 1182 1183
461 893 945 951 1184 1185
399 945 1269 1330
465 466 945 951 1182 1183
465 466 945 951 1184 1185
396 465 589 671 951 1117 1421
293 303 464 469
353 458 472 474 945 951 1330
473 474
469 471 951 953
470 471
475 477 951 953
476 477
25 27 951 953 1067 1069
942 945 1213
475 477 1176 1178
348 458 480 951 1352
481 482 951 953
353 458 480 482 945 951 1330
353 458 483 485 945 951 1330
484 485 951 953
350 458 483 951 1352
353 458 486 528 951 1187
353 458 486 873 881 945 951 956 1330
353 458 487 489 945 951 1330
487 489 951 953
488 489
487 489
493 525 945 951 1248
499 525 945 951 1250
498 525 945 951 1252
495 525 945 951 1254
494 525 945 951 1256
497 525 945 951 1258
496 525 945 951 1260
154 241 353 458 951
364 396 538 951 1280
364 396 540 951 1297
364 396 539 951 1284
364 396 541 951 1301
353 458 502 504 945 951 1330
503 504
353 458 505 507 945 951 1330
505 507 951 953
506 507
508 1348
229 508 1330
244 508 1393
501 509 951 1182 1183 1213
293 510 1219
510 512 1464 1466
511 512
1059 1060
518 947 953 1249 1290
519 947 953 1251 1292
520 947 953 1253 1294
521 947 953 1255 1296
522 947 953 1257 1298
523 947 953 1259 1300
524 947 953 1261 1302
518 906 1290
519 906 1292
520 906 1294
521 906 1296
522 906 1298
523 906 1300
524 906 1302
515 517 951 953
516 517
525 556 945 1401
526 527
529 530
528 530
353 458 532 534 945 951 1330
532 534 951 953
533 534
532 534
353 458 535 537 945 951 1330
536 537
542 545 718 719 726 951
542 545 726 762 763 951
542 545 726 951 1405 1412
543 544 951 953
542 544 951 953
353 458 545 547 945 951 1330
543 546 730
546 547 951 953
528 548 945 951 1213 1351
396 528 548 589 1117 1351
460 552 555 840
353 458 531 552 555 1330
549 555
552 555 559 561
555 561 945
353 458 531 549 550 1330
353 458 550 551 945 951 1330
550 551 951 953
353 458 552 554 945 951 1330
552 554 951 953
552 554 840 842
550 551 552 554
553 554
303 510 531 945 951 1219
556 945 951 1187 1629
556 558 951 953
557 558
353 458 531 559 561 1330
353 458 559 560 945 951 1330
559 560 951 953
353 458 562 873 881 945 951 1330 1640
565 568 947 953 1215
353 458 566 568 945 951 1330
353 458 563 565 945 951 1330
564 565
563 565
566 567 951 952
567 568
569 951 1450 1491 1561
571 953 1452 1493 1563
570 571
528 572 951 956 1187
572 574 951 953
573 574
575 945 948 1187 1393
578 945 948 1187 1393
353 458 575 577 945 951 1330
576 577
293 337 578 948 951
230 377 951 1447
581 945 957 1187 1393
399 458 578 582 1349 1540
353 458 578 580 945 951 1330
579 580
578 580
945 951 953 1150 1151 1213
945 951 953 1213 1396 1397
583 945 951 1187 1637
556 583 945 1409
525 583 844 931 951
583 585 951 953
584 585
353 458 492 525
353 458 604 605
374 718 719 945 1187 1393
586 644 945 951 1187
353 458 590 591
586 588 951 953
587 588
1 353 458 951 1248
3 353 458 951 1250
5 353 458 951 1252
7 353 458 951 1254
9 353 458 951 1256
11 353 458 951 1258
13 353 458 951 1260
374 376 951 953
375 376
592 593
65 945 1187 1393
80 528 951 1067
79 80
80 82 353 458 945 951 1330
26 27
493 562 951 1248 1349
499 562 951 1250 1349
498 562 951 1252 1349
495 562 951 1254 1349
494 562 951 1256 1349
497 562 951 1258 1349
496 562 951 1260 1349
595 647 945 951 1187
596 764 951 1418
353 458 528 594 671 951 1330
600 601
606 607
608 690 945 951 1187
609 687 945 951 1187
609 611 951 953
610 611
615 616
122 123 353 458 951
119 121 951 953
120 121
118 119 353 458 951
115 693 945 1288 1330
122 789 1393
353 458 618 619
620 621
622 624 951 953
623 624
73 206 945
74 207 945
626 629 1288 1393
627 628
626 628
68 69 951 1182 1183
69 70 458 951 1349
69 71 945 1434
501 630 951 1182 1183
630 951 980 1213
72 951 1184 1185 1500
72 455 945 951 1393
631 951 1184 1185 1502
353 458 631 638 881 951 1330
128 528 633 951 1233 1349
272 634 843
635 1243 1396 1397
635 1150 1151 1243
479 635 945 951
500 637 951 1182 1183
78 259 945 951 1187
237 273 638 1349
639 945 983
365 632
115 175 1330
175 176 945
642 643
644 646 951 953
645 646
77 125 951 1184 1185
77 261 951 1182 1183
77 261 951 1184 1185
137 648 764 945 951 1213 1330
137 648 764 945 951 1182 1183 1330
651 919 1024 1349
651 941 945 951 1182 1183
150 364 396 951 1397
652 655 945 1150 1151
654 657 947 1150 1151
127 128 652 655 945
127 128 654 657 947
656 657
653 654
243
265
289
983
1246
634 636 945 1330
365 636 945 951 1349
75 173 951 1182 1183
659 660
353 458 531 661 951
126 951 1184 1185 1268
130 299 789
662 663 1396 1397
662 663 1150 1151
664 665 927 930
666 667 1530 1531
668 669 927 930
112 951 1184 1185 1431
951 953 1431 1433
1432 1433
353 458 676 679
680 681
685 686
353 458 684 687 951
129 687 1330 1629
687 689 951 953
688 689
684 690 945 951 1349
141 691 951 1184 1185
528 691 789 951 1393
353 458 691 692 951
951 953 1041 1043
1042 1043
252 693 945 951 1182 1183
598 951 1182 1183 1498
598 951 1184 1185 1498
613 951 1182 1183 1496
613 951 1184 1185 1496
490 951 1182 1183 1479
490 951 1184 1185 1479
951 1171 1182 1183 1526
951 1171 1184 1185 1526
951 1182 1183 1480 1497
951 1184 1185 1480 1497
951 1182 1183 1266 1529
951 1184 1185 1266 1529
951 966 1182 1183 1481
951 966 1184 1185 1481
951 1182 1183 1223 1528
951 1184 1185 1223 1528
951 1182 1183 1234 1478
951 1184 1185 1234 1478
467 468 951 1182 1183
467 468 951 1184 1185
951 968 1182 1183 1501
951 968 1184 1185 1501
951 1182 1183 1221 1527
951 1184 1185 1221 1527
696 697
537 697 698 953 1599
694 953 1599 1627
694 695 953 1599 1627
695 698 953 1599 1627
1626 1627
180 459 945
192 945 991
196 945 1220
188 597 945
189 612 945
204 945 1494
193 945 965
199 945 1235
118 789 1393
118 274 945
277 613 1032 1033
277 1032 1057 1171
277 966 1033 1036
277 1036 1058 1171
700 701
155 945 1288
70 399 702 951 1437
71 702 945 951
71 729 749 945 951
299 705 1187
705 707 951 953
706 707
353 458 708 710 945 951 1330
709 710
711 713 951 953
712 713
16
19
23
26
57
59
61
63
66
81
120
163
166
171
177
183
202
231
234
245
262
279
282
294
297
300
307
309
312
316
322
326
329
331
338
343
346
351
359
362
369
372
375
378
381
387
390
400
407
426
434
431
437
442
445
449
453
470
473
476
481
484
488
503
506
511
516
526
529
533
536
546
543
553
557
564
567
570
573
576
579
584
587
592
600
606
610
615
620
623
627
642
645
653
656
659
680
685
688
696
700
703
706
709
712
716
721
727
730
732
735
741
738
747
744
750
756
753
765
771
774
778
781
784
787
791
794
797
800
803
806
810
815
812
818
821
824
827
830
834
836
841
845
860
863
866
868
871
874
882
888
891
894
896
899
905
902
908
916
923
926
929
932
936
939
943
946
949
952
954
955
959
962
970
974
986
993
996
1004
1008
1013
1016
1019
1022
1026
1030
1034
1042
1045
1050
1053
1061
1059
1068
1072
1076
1079
1084
1088
1091
1094
1097
1101
1105
1108
1111
1115
1118
1122
1125
1129
1133
1139
1142
1145
1148
1153
1173
1177
1180
1188
1191
1195
1198
1201
1204
1208
1214
1217
1225
1228
1231
1240
1244
1264
1286
1319
1322
1331
1336
1339
1342
1354
1356
1365
1368
1380
1383
1386
1394
1402
1410
1416
1424
1432
1435
1443
1448
1451
1454
1457
1465
1472
1476
1486
1489
1492
1504
1509
1511
1515
1518
1521
1524
1534
1558
1562
1565
1568
1571
1573
1576
1578
1590
1606
1609
1612
1616
1622
1630
1635
1638
1642
1646
1650
1654
1659
1663
1666
0 148 353 377 396 436 444 452 458 475 515 531 532 562 563 578 595 608 625 682 718 726 729 873 881 887 931 945 951 973 1007 1029 1034 1052 1067 1117 1128 1135 1141 1147 1169 1182 1184 1187 1278 1279 1280 1281 1318 1321 1330 1349 1364 1390 1412 1434 1440 1453 1502 1507 1508 1557 1575 1598 1640 1641 1665
626 715 789
715 770 945 1330
715 717 1330 1332
716 717
277 598 599 945 951
277 613 614 945 951
277 945 951 1171 1564
277 945 951 1497 1567
277 945 951 958 1266
277 945 951 961 966
277 945 951 1221 1230
531 599 602 945 951
531 614 617 945 951
531 945 951 1495 1564
531 945 951 1499 1567
531 945 951 958 1334
531 945 951 961 964
531 945 951 1224 1460
531 945 951 1227 1236
531 945 951 992 998
531 945 951 1222 1230
399 458 531 601 602 951 953 1349
399 458 531 616 617 951 953 1349
399 458 531 951 953 1349 1495 1566
399 458 531 951 953 1349 1499 1569
399 458 531 951 953 960 1334 1349
399 458 531 951 953 963 964 1349
399 458 531 951 953 1226 1349 1460
399 458 531 951 953 1229 1236 1349
399 458 531 951 953 994 998 1349
399 458 531 951 953 1222 1232 1349
718 719 951 1182 1183
718 719 951 1184 1185
288 951 984 1182 1183
721 722
720 722
720 928 984
629 725 789
715 725 945 1330
724 780
353 458 723 724 951
629 723 1048
726 951 1321 1350
528 766 951 953 1396 1397
528 766 951 953 1150 1151
762 763 843 945 951 1025 1213 1450
720 762 763 945 951 1152 1213 1450
299 708 762 763 945 951 1213 1450
463 472 762 763 945 951 1213 1450
762 763 886 945 951 1213 1450 1475
353 458 726 728 945 951 1330
726 728 951 953
727 728
726 728
353 458 510 729 733 945 951 1330
732 733 951 953
71 729 734
353 458 734 736 945 951 1330
735 736 951 953
718 719 726 737 740 951
726 737 740 762 763 951
726 737 740 951 1405 1412
737 739 951 953
738 739 951 953
353 458 740 742 945 951 1330
730 738 741
741 742 951 953
718 719 726 729 951
353 458 729 731 945 951 1330
730 731
718 719 726 743 746 951
726 743 746 762 763 951
726 743 746 951 1405 1412
744 745 951 953
743 745 951 953
353 458 746 748 945 951 1330
730 744 747
747 748 951 953
702 718 719 726 749 951
702 726 749 762 763 951
702 726 749 951 1405 1412
353 458 749 751 945 951 1330
703 730 750
703 704 951 953
750 751 951 953
702 704 951 953
718 719 726 752 755 951
726 752 755 762 763 951
726 752 755 951 1405 1412
753 754 951 953
752 754 951 953
353 458 755 757 945 951 1330
730 753 756
756 757 951 953
728 731 947 953 1215
770 805 945 1461
528 764 938 951
759 760 951 1184 1185
951 1184 1185 1405 1412
951 1182 1183 1405 1412
0 761 951 1127 1502
458 718 762 951 1349
762 763 951 1182 1183
762 763 951 1184 1185
764 766 951 953
765 766
764 766
783 1150 1151 1464
127 128 783 1464
353 458 714 725 951
776 805 945 1067
773 1379
353 458 773 776 951
773 775 951 953
774 775
777 779 951 953
778 779
715 772 1288 1393
714 772 1288 1393
771 772
0 764 945 951 1502
781 782
780 782 951 953
783 945 1078
783 785 951 953
784 785
303 311 531 832 951
788 861 947 1332
677 682 786 951 1349
787 788
257 877
897 906 947 1332
42 277 613 898
55 277 898 1171
53 277 898 1497
46 277 898 1266
44 277 898 966
50 277 898 1223
48 277 898 1234
353 458 790 792 945 951 1330
791 792
629 898 951 1184 1185
629 898 1396 1397
629 898 1150 1151
127 128 629 898
353 458 793 795 945 951 1330
794 795
353 458 796 798 945 951 1330
797 798
353 458 799 801 945 951 1330
800 801
353 458 802 804 945 951 1330
803 804
898 904 945 1330
52 879 945 951
878 879 951 1184 1185 1330
715 833 945 1187
275 805 951 1184 1185
805 859 945 1330
805 807 1330 1332
806 807
811 816 947 1332
810 811
812 813
264 817 945
823 951 1182 1183 1484
123 820 945
823 825 951 953
824 825
820 822 951 953
821 822
817 819 951 953
818 819
353 458 809 814 951
813 816
814 859 945 1110
808 858 951 1605 1608
826 828 1288 1393
827 828
829 831 951 953
830 831
786 951 1349 1608 1640
353 458 814 816 945 951 1330
814 816 951 953
815 816
833 835 1330 1332
834 835
833 837 1288 1393
836 837
21 789 951 1182 1183 1330
0 758 838 951 1502
353 458 758 764 838 951 1330
841 842
843 907 945 951 1182 1183
847 850
399 458 844 951 1347
844 849 945 951 1104
849 915 945 951 1099
845 846
715 833 873 881
853 855 945 951 1184 1185
233 853 881 945
855 857 942 945 1187 1213
353 458 857 881 951 1330 1385
887 945 1135 1434 1502
353 458 844 915
462 910
303 318 531 859
861 864 947 953 1396 1397
862 864 951 953
863 864
786 910 1330
462 786 1330
131 264 1393
264 865 945
865 867 951 953
866 867
353 354 910 951
858 951 1002 1605 1608
808 854 951 1605 1608
854 856 951 1605 1608
868 869
870 872 951 953
871 872
353 458 859 861 945 951 1330
805 861 1288 1393
859 861 951 953
860 861
354 458 786 951 1349
353 458 873 881 951 1187 1330
399 458 873 876 1349 1541
353 458 873 875 945 951 1330
874 875
826 951 1182 1183 1482
353 458 878 881
233 235 881 883
353 458 578 881 884 951 1330
233 528 881 951
368 881 945 951 1184 1185 1187
873 881 945 1187
875 883 947 1189
873 881 945 1349 1358 1371
880 881
368 873 881 951 1184 1185
877 885 951 1184 1185 1542
399 458 881 885 1349 1542
353 458 881 883 945 951 1330
881 883 951 953
881 883 1176 1178
882 883
131 528 886 951
891 892
890 892
113 303 531 887
353 458 893 895 945 951 1330
893 895 951 953
894 895
896 897
353 458 898 900 945 951 1330
898 900 1330 1332
899 900
901 903 951 953
902 903
626 904 951 1182 1183
227 353 458 901 951
155 353 458 901 951
528 887 1135 1182 1183 1187 1502
886 907 951 1182 1183
886 907 951 1184 1185
907 909 951 953
907 909 1176 1178
908 909
886 907 1396 1397
886 907 1150 1151
127 128 886 907
905 906
904 906
353 458 898 904 951
928 945 951 1041 1056
945 951 1041 1155
399 458 887 911 1349 1543
887 889 951 953
887 889 1176 1178
888 889
847 849 945
355 458 913 951 1349
353 458 912 914 951
912 913 945 1330
915 951 1012 1184 1185 1187
399 458 873 881 915 945 951 1349 1649
916 917
274 528 1184 1185 1418
274 353 458 862 951
848 850 951 1184 1185
844 918 945 951
505 790 898 945 951
507 792 900 947 953
705 793 898 945 951
707 795 900 947 953
802 898 945 951 1434
804 900 947 953 1436
796 898 904 945 951
798 900 906 947 953
799 898 945 951 1018
801 900 947 953 1020
769 919 1024 1349
920 921 925 928
353 458 915 922 951
922 924 951 953
923 924
928 934 945 1456
353 458 928 934 951 1330 1456
926 927
925 928 951 1184 1185
504 883 930 947
353 458 928 930 945 951 1330
929 930
353 458 884 887 928 951 1330
365 764 931 945 951
78 764 931 945 951 1349
851 945 951 1330 1347
399 458 851 931 951
931 945 951 1187 1652
932 933
935 945 951 1187 1645
915 935 1349 1371
935 937 951 953
936 937
935 937
777 870
829 1484
869 872 947 1332
943 944
946 947
945 947
948 951 1213 1453
948 950
949 950
939 940
938 940
180 290 951 1182 1183
192 216 951 1182 1183
196 220 951 1182 1183
188 212 951 1182 1183
189 213 951 1182 1183
204 226 951 1182 1183
193 217 951 1182 1183
199 223 951 1182 1183
225 244 1233 1349
182 184 951 953
183 184
528 945 951 956
364 396 951 957 1117
951 957 1117 1138
959 960
962 963
964 965
769 945 967 1321 1349
353 458 951 972 1325
353 458 951 988 1327
353 356 951 981 1057
353 356 951 972 981
353 356 951 988 1325
353 356 535 856 951
248 250 353 458 951
353 458 805 859 951
353 458 951 1100 1104
353 458 715 770 951
951 953 992 994
353 458 945 951 969 971 1330
951 953 969 971
970 971
945 951 973 977 1182 1183
945 976 977 1330
399 458 973 978 1349 1544
353 458 945 951 973 975 1330
951 953 973 975
974 975
945 951 979 1238 1464
783 945 951 980 1238
945 982 1187 1345
239 240 353 458 951
951 953 985 987
986 987
242 299 1393
272 273 399 458 951
637 951 979 1213
201 203 951 953
202 203
131 989
901 951 989 1182 1183
901 951 989 1184 1185
455 951 985 1184 1185
353 458 951 985 1326
531 985 1467 1470
368 881 976 1011
945 951 995 1182 1183 1645
993 994
293 303 992 998
995 1012 1349 1371
938 951 953 1396 1397
938 951 953 1150 1151
127 128 938 951 953
945 1330 1388 1389
996 997
995 997
952 953
368 528 1001 1184 1185
508 1000
68 945 1000 1393
886 1001 1464
261 951 1003 1182 1183
261 951 1003 1184 1185
951 953 1003 1005
1004 1005
366 699 873 881 951 1363
699 945 1011
114 205 528 945 951
207 368 881 1007
399 458 1007 1010 1349 1545
353 458 945 951 1007 1009 1330
951 953 1007 1009
1008 1009
768 945 1012
945 951 1012 1182 1183 1649
1013 1014
951 953 1015 1017
1016 1017
1018 1020 1176 1178
945 995 1021 1409
353 458 951 1012 1021
1019 1020
951 953 1021 1023
1022 1023
651 1024
941 945 951 1024 1182 1183
168 170 951 1182 1183
136 168 945
136 169 945
169 206 303 531 945 951
353 458 945 951 1025 1027 1330
1026 1027
353 458 945 951 1033 1035 1330
1034 1035
73 383 951 1184 1185
74 111 951 1184 1185
277 292 340 528 951 1074
303 340 528 531 951 1074
216 303 464 531
220 303 531 998
212 303 531 1222
213 303 531 602
226 303 531 617
217 303 531 1495
223 303 531 1334
514 562 1038 1349
945 1037 1038 1330
424 945 1037 1288 1330
174 528 951 1657
353 458 945 951 1029 1031 1330
951 953 1029 1031
1030 1031
332 537 1586 1601
814 859 945 1049
816 861 947 1051
80 281 284 945
951 1047 1155 1182 1183
285 377 881 945
945 951 1044 1048 1182 1183
15 951 1047 1182 1183
18 951 1048 1182 1183
951 953 1049 1051
1050 1051
951 1041 1182 1183 1393
1041 1393 1396 1397
249 368 881 1052
399 458 1052 1055 1349 1546
353 458 945 951 1052 1054 1330
951 953 1052 1054
1053 1054
928 1056 1155
353 458 945 951 1058 1060 1330
536 946 952 954 959
946 952 955 959 1061
353 458 945 951 1057 1062 1330
1061 1062
951 1064 1065 1581 1605
43 616 900 947 953
56 900 947 953 1566
54 900 947 953 1569
47 900 947 953 960
45 900 947 953 963
51 900 947 953 1226
49 900 947 953 1229
28 616 795 947 953
29 795 947 953 1566
30 795 947 953 1569
31 795 947 953 960
32 795 947 953 963
33 795 947 953 1226
34 795 947 953 1229
35 616 798 947 953
36 798 947 953 1566
37 798 947 953 1569
38 798 947 953 960
39 798 947 953 963
40 798 947 953 1226
41 798 947 953 1229
116 614 898 945 951
160 898 945 951 1564
158 898 945 951 1567
134 898 945 951 958
132 898 945 951 961
146 898 945 951 1224
144 898 945 951 1227
83 415 793 1289
85 416 793 1291
87 417 793 1293
89 418 793 1295
91 419 793 1297
93 420 793 1299
95 421 793 1301
97 415 796 1289
99 416 796 1291
101 417 796 1293
103 418 796 1295
105 419 796 1297
107 420 796 1299
109 421 796 1301
83 614 793 945 951
85 793 945 951 1564
87 793 945 951 1567
89 793 945 951 958
91 793 945 951 961
93 793 945 951 1224
95 793 945 951 1227
97 614 796 945 951
99 796 945 951 1564
101 796 945 951 1567
103 796 945 951 958
105 796 945 951 961
107 796 945 951 1224
109 796 945 951 1227
112 951 1184 1185 1434
25 528 951 1067
399 458 1067 1070 1349 1547
353 458 945 951 1067 1069 1330
951 953 1067 1069
1068 1069
1071 1662
951 953 1071 1073
1072 1073
1044 1393 1396 1397
1044 1150 1151 1393
951 953 1044 1046
1045 1046
715 951 1144 1182 1183
292 528 951 1074
528 1075 1182 1183 1393
951 953 1075 1077
1076 1077
303 531 886 945 951 1078
303 320 531 1083
353 458 945 951 1087 1089 1330
1088 1089
353 458 945 951 1090 1092 1330
1091 1092
353 458 945 951 1093 1095 1330
1094 1095
353 458 945 951 1096 1098 1330
1097 1098
353 458 945 951 1083 1085 1330
1082 1085 1288 1393
1084 1085
951 953 1078 1080
1079 1080
844 849 951 1099 1330
715 1100
1100 1102 1330 1332
1101 1102
777 951 1107 1182 1183
1103 1109 1288 1393
1108 1109
901 945 1100 1103
1100 1106 1288 1393
1105 1106
139 140 945
1132 1393 1464
140 531 945 951 1219 1346
277 531 1074 1081
569 951 1113 1393 1491
376 1167 1169
382 1167 1168
376 1166 1170
376 947 1162 1169
376 947 1163 1170
376 947 1165 1167
376 947 1160 1165
376 947 1159 1164
947 1160 1162
947 1158 1159
947 1165 1169
947 1161 1163
951 1078 1182 1183 1219
1078 1219 1396 1397
1078 1150 1151 1219
267 648 945
528 1078 1182 1183 1393
528 1078 1184 1185 1393
142 941 945 1182 1183
142 154 525
951 953 1110 1112
1111 1112
141 241 562 951 1349
396 458 945 1117 1330 1349
353 458 945 951 1114 1116 1330
1115 1116
942 945 1117 1124
942 945 1117 1121
269 951 957 1117 1502
353 458 945 951 1124 1126 1330
1125 1126
353 458 945 951 1121 1123 1330
1122 1123
945 1117 1124 1530 1531
945 1117 1121 1530 1531
399 458 1117 1127 1349 1548
353 458 945 951 1117 1119 1330
1118 1119
951 953 1128 1130
1129 1130
1128 1130
353 458 945 951 1128 1130 1330
629 1155 1330
945 1018 1131 1330
139 945 1132
1133 1134
382 947 1158 1169
376 947 1159 1160
382 947 1164 1167
376 947 1156 1159
382 947 1157 1168
947 1156 1157
947 1164 1168
859 945 1083 1093
859 945 1093 1096
859 945 1090 1096
859 945 1087 1090
859 945 1086 1087
405 1160
403 405 1159
403 1156
405 1161 1162
786 1090 1096 1330
786 1087 1090 1330
786 1086 1087 1330
528 951 1137 1346
1136 1137
951 953 1138 1140
1139 1140
1136 1467
951 953 1141 1143
1141 1143
945 1100 1104 1330
1144 1146 1288 1393
1145 1146
119 945 1107
1142 1143
514 525 951 1039 1063
514 525 951 1033 1039
514 525 951 1040 1327
353 458 945 951 1147 1149 1330
1148 1149
126 206 945 1135 1502
951 1167 1587 1598
951 1166 1167 1587 1598
353 458 945 951 1152 1154 1330
1153 1154
268 270 342 945
0 945 951 1120
1120 1135 1184 1185
269 951 1135 1182 1183
266 267
266 270 353 458 951
287 720 942 945 1213 1557
1173 1174
1172 1174
293 306 879 945
1180 1181
1179 1181
399 945 951 1182 1194
951 1150 1151 1182 1183
951 953 1182 1183 1396 1397
951 953 1150 1151 1182 1183
127 128 951 953 1182 1183
951 1182 1183 1396 1397
127 128 951 1182 1183
353 458 951 1182 1184
357 945 951 1182 1186
951 1184 1185 1396 1397
951 1150 1151 1184 1185
127 128 951 1184 1185
945 1182 1184 1330
399 458 658 951 1182 1187 1349
1182 1183 1184 1185
353 458 945 1179 1193 1330 1349 1371
951 953 1176 1178
1177 1178
353 458 844 931
353 458 1605 1640
353 458 492 562
353 458 676 682
353 458 618 625
353 458 683 690
353 458 604 608
353 458 590 595
1188 1189
1187 1189
945 951 1172 1182 1183 1203
353 458 945 951 1190 1192 1330
951 953 1190 1192
1191 1192
1190 1192
458 951 1182 1194 1349
945 1187 1193 1194
945 951 1186 1194 1401
1194 1196
945 951 1186 1196 1401
1195 1196
945 1179 1186 1187
458 658 951 1193 1349
271 649 951 1179 1193
528 951 1193 1349 1371 1398
951 953 1197 1199
1198 1199
947 1199 1202 1396 1397
945 951 953 1197 1200 1396 1397
947 1150 1151 1199 1202
945 951 953 1150 1151 1197 1200
1197 1199 1200 1202
1201 1202
951 1182 1183 1200 1203 1213
951 1184 1185 1200 1203 1213
1204 1205
1203 1205
531 633 1426
684 687 945 1330
945 1330 1649 1653
947 1332 1651 1655
945 1012 1021 1330
947 1014 1023 1332
641 644 945 1330
643 646 947 1332
686 689 947 1332
945 1330 1621 1637
947 1332 1623 1639
605 609 945 1330
607 611 947 1332
525 583 945 1330
527 585 947 1332
679 945 1330 1517
681 947 1332 1519
586 591 945 1330
588 593 947 1332
345 399 945 1330
347 401 947 1332
619 622 945 1330
621 624 947 1332
915 922 945 1330
917 924 947 1332
945 951 1006 1028 1330
640 647 945 951 1330
945 951 1330 1648 1652
844 931 945 951 1330
846 933 947 953 1332
492 562 945 951 1330
619 625 945 951 1349
641 647 945 951 1349
945 951 1349 1649 1652
915 931 945 951 1349
605 608 945 951 1349
525 562 945 951 1349
591 595 945 951 1349
399 458 945 951 1349
679 682 945 951 1349
945 951 1349 1621 1640
945 951 1012 1028 1349
622 625 945 1352
922 931 945 1352
945 951 1182 1183 1187 1197
947 953 1189 1199 1396 1397
947 953 1150 1151 1189 1199
1208 1209
537 953 1209 1210 1599
953 1206 1212 1599
953 1206 1207 1212 1599
953 1207 1210 1212 1599
303 428 531 1404
1211 1212
839 852 951 1605 1614
428 839 951 1605 1608
852 951 1211 1605 1608
1217 1218
1214 1215
1213 1215
528 951 1219 1393
143 531 764 1346
486 513 951 1239 1330
1225 1226
1228 1229
1231 1232
769 1024 1233 1349
1235 1236
368 881 1237 1329
148 152 364 396 951
149 151 364 396 951
170 249 528 951
150 151 1213
150 151 353 458 945 951 1182 1183 1330
528 951 1242 1621
149 152 1213
149 152 353 458 945 951 1182 1183 1330
242 945 1238
153 225 528 951
148 153 1213
148 153 353 458 945 951 1182 1183 1330
528 951 1239 1385
353 458 945 951 1239 1241 1330
1240 1241
951 953 1243 1245
1244 1245
1242 1243 1349 1371
486 1246 1247 1330
368 528 951 1459 1507
52 881 945 951 1182 1183
52 951 1184 1185 1364
353 458 945 951 1248 1249 1330
353 458 945 951 1250 1251 1330
353 458 945 951 1252 1253 1330
353 458 945 951 1254 1255 1330
353 458 945 951 1256 1257 1330
353 458 945 951 1258 1259 1330
353 458 945 951 1260 1261 1330
951 953 1263 1265
1264 1265
399 458 531 1262 1317 1349
371 399 458 951 1268 1335 1349
1 945 1248 1330
2 947 1249 1332
3 945 1250 1330
4 947 1251 1332
5 945 1252 1330
6 947 1253 1332
7 945 1254 1330
8 947 1255 1332
9 945 1256 1330
10 947 1257 1332
11 945 1258 1330
12 947 1259 1332
13 945 1260 1330
14 947 1261 1332
1594 1600 1619 1621
951 1269 1270 1450 1530 1531
920 921 951 1269 1270 1450
399 478 945 951
303 528 531 1182 1183 1393
951 1182 1183 1271 1390
942 1213 1271 1390
528 691 945 951 1182 1183 1271 1329 1330
945 1271 1330 1392
353 458 945 951 1272 1273 1330
353 458 945 951 1274 1275 1330
353 458 945 951 1276 1277 1330
353 458 945 951 1278 1279 1330
353 458 945 951 1280 1281 1330
353 458 945 951 1282 1283 1330
353 458 945 951 1284 1285 1330
944 947 1189 1215 1265 1287
1286 1287
252 951 1182 1183 1237
10 701 1062 1281
14 701 1062 1285
353 458 715 725 951
353 458 951 1482 1483
303 531 764 1393
353 458 945 951 1289 1290 1330
353 458 945 951 1291 1292 1330
353 458 945 951 1293 1294 1330
353 458 945 951 1295 1296 1330
353 458 945 951 1297 1298 1330
353 458 945 951 1299 1300 1330
353 458 945 951 1301 1302 1330
832 833
227 228 951 1182 1183
715 805
21 227 353 458
274 275 945 951
156 907 945 1330
155 227
786 805
353 458 945 951 1303 1304 1330
353 458 945 951 1305 1306 1330
353 458 945 951 1307 1308 1330
353 458 945 951 1309 1310 1330
353 458 945 951 1311 1312 1330
353 458 945 951 1313 1314 1330
353 458 945 951 1315 1316 1330
945 1289 1303 1330
947 1290 1304 1332
945 1291 1305 1330
947 1292 1306 1332
945 1293 1307 1330
947 1294 1308 1332
945 1295 1309 1330
947 1296 1310 1332
945 1297 1311 1330
947 1298 1312 1332
945 1299 1313 1330
947 1300 1314 1332
945 1301 1315 1330
947 1302 1316 1332
493 525 898 951 1303
499 525 898 951 1305
498 525 898 951 1307
495 525 898 951 1309
494 525 898 951 1311
497 525 898 951 1313
496 525 898 951 1315
353 458 945 951 1321 1323 1330
1322 1323
368 881 1318 1328
399 458 1318 1324 1349 1549
951 953 1318 1320
1319 1320
947 1020 1134 1332
951 953 1330 1332
1331 1332
353 458 945 951 1330 1332
117 616 947 1249
161 947 1251 1566
159 947 1253 1569
135 947 960 1255
133 947 963 1257
147 947 1226 1259
145 947 1229 1261
84 616 947 953 1273
86 947 953 1275 1566
88 947 953 1277 1569
90 947 953 960 1279
92 947 953 963 1281
94 947 953 1226 1283
96 947 953 1229 1285
98 616 947 953 1290
100 947 953 1292 1566
102 947 953 1294 1569
104 947 953 960 1296
106 947 953 963 1298
108 947 953 1226 1300
110 947 953 1229 1302
43 616 947 953 1249
56 947 953 1251 1566
54 947 953 1253 1569
47 947 953 960 1255
45 947 953 963 1257
51 947 953 1226 1259
49 947 953 1229 1261
28 616 947 953 1273
29 947 953 1275 1566
30 947 953 1277 1569
31 947 953 960 1279
32 947 953 963 1281
33 947 953 1226 1283
34 947 953 1229 1285
35 616 947 953 1290
36 947 953 1292 1566
37 947 953 1294 1569
38 947 953 960 1296
39 947 953 963 1298
40 947 953 1226 1300
41 947 953 1229 1302
1099 1100
255 258 945 1330
138 240 353 458
253 353 458 951 1335
1176 1178 1335 1337
1336 1337
293 528 945 1393 1396 1397
945 951 1330 1349
945 951 1330 1349 1352
353 458 1338 1344
1342 1343
1341 1343
1176 1178 1338 1340
1339 1340
257 945 951 1345
528 945 951 1219 1288 1330
254 528 951 1267
353 458 528 1219 1288
1338 1346 1464 1467
844 945 1347 1349
353 458 1349 1352
353 458 1330 1349
1400 1401
129 130
253 254 525 562 578 951 1349
165 528 1182 1183 1348
528 945 951 1328 1348
945 1213 1350 1351
783 1350 1351 1464
500 951 1182 1183 1213 1353
951 953 1353 1355
1354 1355
399 458 945 951 1288 1330 1393
940 947 1332 1357
1356 1357
353 458 838 887 951 1330 1358
353 367 458 767 951 1330
114 1359
945 1360 1362
76 256 353 452 458 951 1330
945 951 1349 1360 1361
353 458 758 767 873 881 945 951 1330
1362 1363
52 718 719 951 1364
353 458 945 951 1330 1367 1369
1368 1369
399 458 1349 1364 1370 1550
353 458 945 951 1330 1364 1366
951 953 1364 1366
1176 1178 1364 1366
1365 1366
399 458 951 1371 1401
951 953 1379 1381
1380 1381
229 1288 1330 1441
528 951 1272 1372
528 951 1274 1373
528 951 1276 1374
528 951 1278 1375
528 951 1280 1376
528 951 1282 1377
528 951 1284 1378
228 368 881 1382
1383 1384
945 1330 1382 1434
947 1332 1384 1436
493 525 951 1372 1434
499 525 951 1373 1434
498 525 951 1374 1434
495 525 951 1375 1434
494 525 951 1376 1434
497 525 951 1377 1434
496 525 951 1378 1434
531 1330 1344 1346
303 341 531 1330
947 1332 1510 1512
458 661 951 1267 1349
1239 1241 1385 1387
236 368 881 1385
353 458 945 951 1330 1385 1387
951 953 1385 1387
1386 1387
342 345 1330 1400
129 342 586 1330
922 935 1330 1400
129 622 935 1330
995 1021 1330 1400
129 644 995 1330
1330 1400 1645 1653
942 945 1187 1213 1388 1390
353 458 951 1388 1389
353 458 951 1390 1391
353 458 951 1271 1392
945 1330 1390 1391
353 458 951 1288 1393
1330 1400 1629 1637
951 953 1393 1395
1394 1395
951 1213 1216 1396 1397
951 1150 1151 1213 1216
629 945 999 1330 1398
353 458 1371 1399
353 458 951 1399 1400
945 1330 1401 1409
947 1332 1403 1411
1402 1403
353 458 762 951 1412
255 596 650 945 1330
255 650 1412
353 458 951 1401 1409
353 458 951 1406 1419
1419 1656
676 678 951 1002 1040
639 957 1408
353 458 945 951 1330 1409 1411
1410 1411
1414 1415
353 458 951 1413 1414
1416 1417
951 953 1415 1417
629 1048 1413
353 590 945 1530 1531
353 590 920 921 945
618 844 945 1530 1531
618 844 920 921 945
492 604 945 1530 1531
492 604 920 921 945
683 945 1530 1531 1605
683 920 921 945 1605
458 595 759 760 945
625 759 760 931 945
562 608 759 760 945
690 759 760 945 1640
1418 1656
1401 1418
271 945 1330 1407
914 1420
528 945 951 1187 1462 1471
423 458 844 931 945 1330 1349 1453
720 887 942 945 1213 1422
715 951 1182 1183 1423
1288 1393 1423 1425
1424 1425
79 945 1445 1464
368 881 1445 1446
951 1330 1428 1430 1438
399 458 945 1330 1429 1430
458 951 1349 1434 1437
303 337 531 1434
1187 1393 1431
1187 1393 1434
399 458 1349 1434 1439 1552
399 458 1349 1434 1438 1551
951 953 1434 1436
1176 1178 1434 1436
1435 1436
288 764 928 945 951
881 945 1464 1468
945 951 1182 1183 1468 1469
157 1000 1393 1459 1507
670 951 1182 1183 1427
726 951 1427 1440
176 951 1184 1185 1442
353 458 951 1441 1442
578 581 951 1464 1470
951 953 1442 1444
1443 1444
1448 1449
1447 1449
1451 1452
1454 1455
368 881 1469 1471
286 303 531 951 1456
303 531 951 1175 1456
353 458 945 951 1330 1456 1458
1457 1458
268 397 951 1385 1456
942 951 1213 1216
944 953 1215 1218
945 951 1182 1183 1464 1474
945 951 1184 1185 1464 1474
399 458 531 1349 1426 1463
157 945 1463
951 953 1464 1466
1465 1466
783 1396 1397 1464
783 785 1464 1466
353 458 531 1330 1464 1467
1472 1473
1288 1393 1461 1473
353 458 945 951 1330 1475 1477
1476 1477
945 948 951 1184 1185 1450
353 458 945 951 1330 1453 1455
491 1498
395 951 1182 1183 1484
693 715 789 1420
945 1219 1485
1464 1466 1485 1487
1486 1487
289 368 528 951 1213 1450 1464 1488
353 458 945 951 1330 1488 1490
1489 1490
1492 1493
1494 1499
945 951 1330 1506 1507
303 531 672 673 951
368 673 674 881
674 675
675 678 951 1184 1185
674 677 945
353 458 951 1063 1064
664 665 666 667
666 667 668 669
629 789 1483
951 953 1182 1183 1184 1185
531 945 1446 1467 1500
942 945 1530 1531
951 953 1517 1519
1518 1519
353 458 945 951 1330 1503 1505
1504 1505
299 457 887
299 887 1508
113 951 1182 1183 1508
143 1187 1508
1511 1512
945 1326 1330 1508
399 458 1349 1508 1513 1553
353 458 945 951 1330 1508 1510
951 953 1508 1510
1176 1178 1508 1510
1509 1510
951 953 1514 1516
1515 1516
243 250 377 399 458 528 578 691 945 951 1349 1575
789 1401 1420 1656
693 715 789 1656
945 951 1150 1151 1520 1523
947 953 1150 1151 1522 1525
127 128 945 951 1520 1523
127 128 947 953 1522 1525
1524 1525
1521 1522
353 458 679 951 1517
129 1330 1514 1517
631 679 684 1135
353 458 951 1503 1506
353 458 1506 1507
138 250 951 1349 1506
629 789
162 342 458 661
951 1184 1185 1530 1531
805 859 945 1532
945 1330 1532 1533
805 951 1532 1605 1608
859 945 1533
861 947 1535
1288 1393 1532 1535
1534 1535
945 1015 1187 1393 1557
205 789 945 1434 1557
945 1015 1434 1557
205 789 1015
399 458 1349 1554 1557 1560
951 953 1557 1559
1558 1559
131 901 951 1182 1183
353 458 945 951 1330 1561 1563
1562 1563
1565 1566
1568 1569
353 458 945 951 1330 1570 1572
1571 1572
1573 1574
246 944 947 1189 1215 1574
947 1332 1577 1579
1578 1579
165 368 881 1575
399 458 1349 1555 1575 1580
951 953 1575 1577
1576 1577
195 277 951 1581 1583
80 353 458 951 1330 1596 1618
308 947 953 1607 1623
313 947 953 1591 1623
1590 1591
945 951 1182 1183 1592 1593
1589 1592
195 277 1582 1589
1288 1330 1588 1589
311 951 1349 1589 1640
951 1587 1589 1594 1605
353 458 880 951 1330 1595 1596
353 377 458 951 1330 1595 1597
951 1184 1185 1588 1597
945 951 1330 1598 1600
769 1024 1349 1598
947 953 1332 1599 1601
1600 1601
1606 1607
1608 1611
1611 1614
811 947 953 1613 1623
1612 1613
945 951 1182 1183 1608 1615
528 1182 1183 1604 1615
1616 1617
788 947 953 1610 1623
1609 1610
368 881 1603 1604
869 947 953 1617 1623
786 809 1608 1611
528 886 945 951 1187 1633
353 380 458 951 1330 1618 1619
293 945 1582 1583
0 951 1502 1602 1603
1585 1586
281 353 458 951 1330 1597 1618
374 945 1618 1620
278 353 458 951 1330 1597 1620
353 458 1605 1621
1622 1623
137 368 881 1117
764 945 1584 1585
1584 1600 1602 1605
364 396 670 951 1628
945 982 1628
528 548 951 1628
1349 1371 1621 1629
951 953 1629 1631
1630 1631
951 1182 1183 1247 1633
1635 1636
1634 1636
389 528 942 945 1213 1632
353 458 683 684
945 1409 1629 1637
844 931 951 1621 1637
951 953 1637 1639
1638 1639
945 951 1065 1581 1621
206 368 881 1641
399 458 1349 1556 1641 1644
353 458 945 951 1330 1641 1643
951 953 1641 1643
1642 1643
206 377 1393 1641
1419 1657
945 951 1182 1183 1632 1645
951 953 1645 1647
1646 1647
1645 1647
1650 1651
1349 1371 1645 1649
945 1409 1645 1653
951 953 1653 1655
1654 1655
1658 1661
770 859
353 458 951 1656 1661
353 458 951 1657 1662
951 953 1662 1664
1663 1664
353 458 945 951 1330 1658 1660
951 953 1658 1660
1659 1660
353 458 945 951 1330 1665 1667
951 953 1665 1667
1665 1667
1666 1667
510 512 951 953
635 783 1243 1464