165
186
205
266
712
759
0 64 68 166 189 213 238 239 254 264 293 297 301 306 313 316 325 348 354 357 358 376 378 382 391 400 411 450 460 467 473 474 540 543 550 558 572 573 576 579 591 596 620 636 649 659 660 666 685 690 693 696 701 703 704 707 719 720 721 722 724 725 779 780 782 787 788 790 799 800 807 820 833 846 850 854 867 884 888 896 897 903 935 939 941 976 984 1000 1024 1025 1038 1117 1491 1492 1494 1662 1664 1666 1667 1669 1710 1711 1713 1718 1719 1721
0 68 81 166 239 254 264 293 297 301 306 313 316 325 354 357 358 376 378 382 391 400 411 450 467 473 474 540 543 550 573 576 579 596 620 636 649 660 685 690 693 696 701 719 721 724 725 779 780 799 800 807 820 833 850 867 884 888 896 935 939 941 976 984 1000 1024 1025 1038 1237 1675 1710 1711
1039
1040
1041
1042
1043
1044
1045
1046
1047
1048
1049
1050
1051
1052
1053
1054
1055
1056
1057
1058
1059
1060
1061
1062
1063
1064
1065
1066
1067
1068
1069
1070
1071
1072
1073
1074
1075
1076
1077
1078
1079
1080
1081
1082
1083
1084
1085
1086
1087
1088
1089
1090
1091
1092
1093
1094
1095
1096
1097
1098
1099
1100
1101
1102
1103
1104
1105
1106
1107
1108
1109
1110
1111
1112
1113
1114
1115
1116
1117
1118
1119
1120
1121
1122
1123
1124
1125
1126
1127
1128
1129
1130
1131
1132
1133
1134
1135
1136
1137
1138
1139
1140
1141
1142
1143
1144
1145
1146
1147
1148
1149
1150
1151
1152
1153
1154
1155
1156
1157
1158
1159
1160
1161
1162
1163
1164
1165
1166
1167
1168
1169
1170
1171
1172
1173
1174
1175
1176
1177
1178
1179
1180
1181
1182
1183
1184
1185
1186
1187
1188
1189
1190
1191
1192
1193
1194
1195
1196
1197
1198
1199
1200
1201
1202
1203
1204
1205
1206
1207
1208
1209
1210
1211
1212
1213
1214
1215
1216
1217
1218
1219
1220
1221
1222
1223
1224
1225
1226
1227
1228
1229
1230
1231
1232
1233
1234
1235
1236
1237
1238
1239
1240
1241
1242
1243
1244
1245
1246
1247
1248
1249
1250
1251
1252
1253
1254
1255
1256
1257
1258
1259
1260
1261
1262
1263
1264
1265
1266
1267
1268
1269
1270
1271
1272
1273
1274
1275
1276
1277
1278
1279
1280
1281
1282
1283
1284
1285
1286
1287
1288
1289
1290
1291
1292
1293
1294
1295
1296
1297
1298
1299
1300
1301
1302
1303
1304
1305
1306
1307
1308
1309
1310
1311
1312
1313
1314
1315
1316
1317
1318
1319
1320
1321
1322
1323
1324
1325
1326
1327
1328
1329
1330
1331
1332
1333
1334
1335
1336
1337
1338
1339
1340
1341
1342
1343
1344
1345
1346
1347
1348
1349
1350
1351
1352
1353
1354
1355
1356
1357
1358
1359
1360
1361
1362
1 1363
2 1364
3 1365
4 1366
5 1367
6 1368
7 1369
1039 1370
8 1370
1040 1371
9 1371
12 239 306 576 579 807 1372
1041 1372
1043 1395
1044 1396
1045 1397
1046 1398
22 576 1399 1607
1047 1399
1398 1430 1607 1609
1396 1425 1607 1609
1395 1424 1607 1609
1397 1426 1607 1609
1048 1400
56 1415
94 1422
93 1421
71 1418
70 1417
80 1420
79 1419
37 1401
38 1402
39 1403
40 1404
41 1405
42 1406
43 1407
37 267 306 403 776 820
38 267 306 777 820 979
39 267 306 778 820 981
40 267 306 584 779 820
41 267 306 586 780 820
42 267 306 738 781 820
43 267 306 741 782 820
44 1408
45 1409
46 1410
47 1411
48 1412
49 1413
50 1414
44 267 306 403 784 820
45 267 306 785 820 979
46 267 306 786 820 981
47 267 306 584 787 820
48 267 306 586 788 820
49 267 306 738 789 820
50 267 306 741 790 820
61 537 576 719 720
61 537 576 721 722
61 576 618 719 720
61 576 618 721 722
73 163 576 579 807
1050 1423
98 576 579 709 724
1051 1424
1052 1425
1053 1426
118 579 931
117 579 929
110 579 917
122 579 947
112 579 918
127 579 950
113 579 919
125 579 949
114 579 916
107 319 579
121 579 934
124 579 948
111 414 576 579 719 720 732
129 423 576 579 719 720 732
1055 1428
128 576 1428 1607
102 103 239 306 576
1430 1609 1731 1797
1425 1513 1609 1731
1424 1452 1609 1731
1426 1602 1609 1731
118 141 576 721 722
117 140 576 721 722
110 134 576 721 722
122 145 576 721 722
112 135 576 721 722
127 150 576 721 722
113 136 576 721 722
125 148 576 721 722
114 137 576 721 722
107 232 576 721 722
121 144 576 721 722
124 147 576 721 722
141 197 356 576 665 736
140 197 356 395 576 665
134 197 334 356 576 665
145 197 356 404 576 665
135 197 333 356 576 665
150 197 356 576 665 713
136 197 356 576 665 930
148 197 356 576 665 770
137 197 356 576 590 665
144 197 320 356 576 665
147 197 356 576 592 665
213 357 757 903
199 239 306 576 579 807 1436
1063 1436
1057 1430
1423 1527 1609 1610 1680 1692
1059 1432
169 579 806 807
199 200 253 579
1436 1437 1457 1609
200 239 306 576 579 807 1437
1064 1437
184 537 576 721 722
184 576 1433 1607
1060 1433
186 234 387 579
1061 1434
190 576 1434 1607
287 871
197 267 306 713 820 979
197 267 306 820 930 981
197 267 306 584 770 820
197 267 306 586 590 820
197 267 306 741 746 820
197 267 306 738 739 820
197 267 306 403 404 820
197 267 306 394 395 820
197 267 306 736 743 820
207 579 580 711 724 732
442 443 576 1015 1016
12 671
1372 1641
290 507 579 609
158 251 543 908
158 159 576 579 719 720
158 576 1431 1607
1058 1431
206 208 210 213
206 213 357
142 213 315 357
146 213 357 613
138 213 357 737
139 213 357 396
152 213 357 405
143 213 357 928
149 213 357 810
210 576 1440 1607
1067 1440
211 213 357 576 719 720
1068 1441
211 1441
212 213 274 357
237 245 573 576 820
213 239 306 576 582 666 807
239 306 357 807 813 817
1442 1443 1609 1731
1070 1443
1069 1442
1444 1445 1609 1731
1072 1445
217 219 239 306 576
993 1001 1013 1014
219 783 852 1444
1071 1444
215 221 239 306
213 221 357 543 576
51 78 356 576 852
208 233 239 306
256 356 576 852
219 225 579 644
576 995 1002 1014 1015
224 783 852 1446
1073 1446
225 783 852 1447
1074 1447
226 576 1448 1607
1075 1448
223 226 852
307 315 467 468
467 468 610 613
467 468 735 737
393 396 467 468
402 405 467 468
467 468 927 928
467 468 589 810
467 468 747 898
197 209 213 357
208 230 579 753
239 306 576 579 807 1076 1449
227 228
228 229 247 264
227 351 579
227 579 616
216 230 251 543
197 404 406 576 807
197 576 713 807 980
197 576 807 930 982
197 576 585 770 807
197 576 587 590 807
197 576 739 740 807
197 576 742 746 807
197 284 357 576 773
208 213 267 306 357 820
1077 1450
231 1450
208 576 1439 1607
208 716 1439 1678
1066 1439
235 576 579 626 724
160 161 576 852
161 348 540 543
234 576 579 612 724
234 576 1451 1607
1078 1451
239 267 306
239 267 522 573
239 267 619 635
264 265 356 576
306 326 820
235 239 267 306 576
234 235 579 866
235 576 1452 1607
1079 1452
236 237 239 306 576
238 245 564 576 863
238 239 306 576 579 807 1453
576 1080 1453 1607
243 267 576 579 859
234 267 820 836
239 286 306 576 774
267 397 499
32 249 499
301 397 522 573 576 623 807
208 219 517 579
199 268 269 579
1436 1464 1465 1609
217 269 272 579
269 576 1465 1607
200 268 270 579
1437 1464 1466 1609
253 269 270 579
1457 1465 1466 1609
217 270 273 579
270 576 1466 1607
217 268 271 579
241 242
246 579 846 1022
268 576 1464 1607
1082 1454
14 197 404 761
21 197 713 762
20 197 763 930
16 197 764 770
15 197 590 765
18 197 739 766
17 197 746 767
215 216 576 721 722 807
244 576 1081 1215
234 247 579 865
0 249 492 935
183 239 250 306 576 582 807
179 183
251 356 357 719 720 903
251 576 1455 1607
1083 1455
253 255 579
239 255 306 576 579 807 1459
239 253 255 306 576 807
1087 1459
198 201
253 254
253 847 850 852
251 254 543 852
254 847 850 852
254 257 267 306 820 955
239 254 306 576 579 807 1458
254 576 1458 1607
254 716 1458 1678
1086 1458
551 553 576 719 720
211 464 576 719 720
576 579 719 720 768 769
208 211 576 579 719 720
208 211 576 579 721 722
576 579 721 722 813 814
314 318 576 579 719 720
239 258 259 306 576
259 262
261 356 576 579 724 1021
260 261 576 579
260 576 1461 1607
1089 1461
262 466
239 258 306 576 579 807 1460
1088 1460
1404 1462 1635 1710
1411 1462 1635 1718
214 576 711 721 722
8 214 576 719 720
58 263 579
199 271 272 579
200 271 273 579
253 272 273 579
536 668 673 674
536 668 672 674
536 668 671 672
536 668 670 671
219 224
223 224 239 306 576
196 264 266 390
64 247 264 576 707
163 250 489 576 579 719 720
234 267 579 859
346 382 550 579
550 579 833 834
1090 1463
1091 1464
225 239 271 306 576 579
274 820 826 836
274 348 540 543 576 852
53 207 356 576
196 197 254 356 808
239 275 576 579
275 306 576 820
239 276 306 576 579
13 188 265 576 717
14 406 556 576 807
21 556 576 807 980
20 556 576 807 982
16 556 576 585 807
15 556 576 587 807
18 556 576 740 807
17 556 576 742 807
403 406 576 579 807
576 579 807 979 980
576 579 807 981 982
576 579 584 585 807
576 579 586 587 807
576 579 738 740 807
576 579 741 742 807
207 285 576 719 720
181 182 576 721 722
288 862
291 292 467 468 473 576
291 292 473 487 488 576
291 292 473 576 861 867
239 292 306 576 579 807 1470
1094 1095 1158
576 1094 1469 1607
576 1095 1470 1607
291 576 1469 1607
290 783 852 1468
1093 1468
239 288 306 576 579 807 1467
288 576 1467 1607
1092 1467
246 293 1454 1471
246 293 356 576
1454 1471 1497 1607
293 753 1471 1697
293 294 499
267 294 301 306 352 576 820
267 293 295 306 820 956
239 293 306 576 579 807 1471
293 576 1471 1607
1096 1471
173 302 576 721 722 807
103 296 576 579
296 783 852 1472
1097 1472
297 301 579 724
1473 1475 1609 1680
267 297 301 306 540 543 576 579 820
267 297 301 306 576 724 820
267 297 298 306 820 957
239 297 306 576 579 807 1473
297 576 1473 1607
1098 1473
239 299 306 576 579 807 1474
1099 1474
252 301 356 576
301 327 331 576 807
173 239 301 306
301 576 614 853 854
301 576 614 707 708
301 499 576 614 902
301 576 580 614 732
301 499 724
251 301 543 734
267 301 303 306 820 958
239 301 306 576 579 807 1475
301 576 1475 1607
1100 1475
299 300 571 572 579
293 357 576 900 903
53 304 576 721 722
306 576 579 635 724
239 306 576 579 807
306 820 828 836
239 306 576 579 807 1607
252 576 1456 1607
1084 1456
309 552 576 579 719 720
309 552 576 579 721 722
267 311 378 702 706
311 312 573 576 820
312 313 573 576 820
267 579 773 807
316 317 576 579 719 720
316 317 576 579 721 722
316 576 1476 1607
1101 1476
67 68 264 316 387 441 576 685
208 213 315 318
239 306 321 576 579 807 1478
1103 1478
318 576 1477 1607
1102 1477
322 323 573 576 820
323 324 573 576 820
267 322 378 706 1027
325 576 1479 1607
1104 1479
13 576 660 1373 1607 1636
579 580 732
325 716 1479 1678
236 306 328 576 823
576 1105 1480 1607
239 306 328 576 579 807 1480
239 306 329 576 579 807 1481
576 1106 1481 1607
238 306 329 576 823
330 356 576 724
239 306 331 356 576 724
239 306 331 540 543 576 579 582 807
239 306 335 576 579 724 807 829
239 306 332 576 579 807 1482
332 576 1482 1607
1107 1482
332 1482
337 355 576 579 761
343 355 576 579 762
342 355 576 579 763
339 355 576 579 764
338 355 576 579 765
341 355 576 579 766
340 355 576 579 767
576 721 722 829 830
335 366 576 724
88 164 239 306 576
247 264 360 576 780
247 264 362 576 788
247 264 361 576 782
247 264 363 576 790
239 306 346 576 579 807 1483
1108 1483
239 306 347 576 579 807 1484
347 576 1484 1607
1109 1484
309 347 576 719 720
348 819
156 348 807
168 348 852
349 783 852 1485
1110 1485
345 350 576 719 720 732
208 351 734
351 576 1486 1607
351 902 1486 1761
1111 1486
239 306 576 579 807 1243 1633
1488 1607 1609 1699 1715
1489 1607 1609 1700 1716
1490 1607 1609 1701 1717
1491 1607 1609 1702 1718
1492 1607 1609 1703 1719
1493 1607 1609 1704 1720
1494 1607 1609 1705 1721
1488 1596 1715
1489 1596 1716
1490 1596 1717
1491 1596 1718
1492 1596 1719
1493 1596 1720
1494 1596 1721
354 576 1487 1607
1112 1487
355 373 579 859
1114 1496
1113 1495
576 1113 1495 1607
1115 1497
356 1497
239 306 358 576 579 807 1498
358 576 1498 1607
1116 1498
358 1498
1499 1500 1787 1788
239 306 576 579 807 1118 1500
239 306 359 576 579 807 1499
239 306 576 579 807 1117 1499
364 365 467 468 473 576
364 365 473 487 488 576
364 365 473 576 861 867
576 1120 1502 1607
365 576 1502 1607
239 306 364 576 579 807 1501
1119 1120 1158
576 1119 1501 1607
211 248 366 576 579 823
367 573 579 820
356 368 576 579 732 822
264 356 368 387 685 822
308 369 372 520
239 306 357 369 372 807
371 372
369 372 374 375
372 375 579
239 306 357 370 371 807
239 306 370 576 579 807 1504
370 576 1504 1607
1122 1504
239 306 369 576 579 807 1503
369 576 1503 1607
369 520 1503 1584
369 370 1503 1504
1121 1503
213 351 357 576 579 734
373 576 579 724 1018
373 576 1505 1607
1123 1505
239 306 357 374 375 807
239 306 374 576 579 807 1506
374 576 1506 1607
927 932
588 589
747 748
239 306 376 540 543 576 579 807 1024
1507 1508 1607 1609 1692
239 306 377 576 579 807 1507
239 306 378 576 579 807 1508
1125 1508
378 1508
377 576 1124 1215
1124 1507
379 576 895 926 978
1509 1607 1758 1767 1777
1126 1509
356 380 576 582 724
380 576 1510 1607
1127 1510
381 579 581 724 852
382 579 581 724 852
239 306 381 576 579 807 1511
1128 1511
208 231 382 576 581
157 254 576 894
383 579 583 724 852
267 306 382 384 820 959
239 306 382 576 579 807 1512
1129 1512
382 1512
576 579 707 708 732 1607
576 579 732 853 854 1607
385 576 579 724 1023
373 385 579 866
355 385 522 573 576
385 576 1513 1607
1130 1513
239 306 336 355
239 306 398 399
576 644 1607 1628
1238 1628
253 467 468 579 724 852
386 429 576 579 724
239 306 388 389
386 576 1514 1607
1131 1514
1 239 306 576 761
2 239 306 576 762
3 239 306 576 763
4 239 306 576 764
5 239 306 576 765
6 239 306 576 766
7 239 306 576 767
253 576 1457 1607
1085 1457
1132 1515
22 579 724 852
36 356 576 660
35 36
36 239 306 576 579 807 1400
1042 1373
337 376 576 761 820
343 376 576 762 820
342 376 576 763 820
339 376 576 764 820
338 376 576 765 820
341 376 576 766 820
340 376 576 767 820
391 430 576 579 724
392 489 576 871
239 306 356 390 441 576 807
217 219 349 579
1133 1516
1134 1517
400 454 576 579 724
401 453 576 579 724
401 576 1518 1607
1135 1518
1136 1519
59 60 239 306 576
58 576 1416 1607
1049 1416
57 58 239 306 576
55 457 579 783 807
60 501 852
239 306 407 408
1137 1520
410 576 1521 1607
1138 1521
24 108 579
29 132 579
30 133 579
412 413 783 852
1139 1522
412 1522
23 25 576 719 720
25 26 306 576 820
25 27 579 884
345 414 576 719 720
414 576 601 732
28 576 721 722 933
28 302 576 579 852
415 576 721 722 935
239 306 415 424 543 576 807
417 576 721 722 938
64 356 419 576 745 820
11 576 579 877
11 357 419 576 579
192 420 521
417 420
421 754 853 854
421 707 708 754
421 499 754 902
327 421 576 579
344 423 576 719 720
34 182 576 579 724
160 193 424 820
425 680
426 576 721 722 940
426 576 719 720 940
248 418
55 104 807
104 105 579
1140 1523
429 576 1524 1607
1141 1524
33 61 576 721 722
33 184 576 719 720
33 184 576 721 722
433 566 627 820
433 576 578 579 719 720
83 247 264 576 854
434 435 579 707 708
707 708 1525 1526 1609
63 64 434 435 579
63 64 1525 1526 1609
1143 1526
435 1526
1142 1525
420 422 579 807
248 422 576 579 820
31 102 576 719 720
1144 1527
1145 1528
576 1145 1528 1607
239 306 357 437 576
62 576 721 722 772
66 211 501
853 854 1529 1530
707 708 1529 1530
1531 1532 1603 1604
438 439 951 952
1533 1534 1603 1604
52 576 721 722 883
576 883 1607 1753
1315 1753
579 734 923
239 306 442 449
1146 1535
1147 1536
178 576 719 720 1018
239 306 452 453 576
65 453 807 1018
453 576 1537 1607
1148 1537
452 454 576 579 820
76 456 576 721 722
356 456 501 576 852
239 306 455 456 576
174 457 576 579 719 720
395 576 719 720 931
395 576 721 722 931
404 576 719 720 929
404 576 721 722 929
333 576 719 720 917
333 576 721 722 917
576 713 719 720 947
576 713 721 722 947
576 719 720 918 930
576 721 722 918 930
576 719 720 770 950
576 721 722 770 950
576 590 719 720 919
576 590 721 722 919
576 719 720 739 949
576 721 722 739 949
576 719 720 746 916
576 721 722 746 916
319 320 576 719 720
319 320 576 721 722
576 592 719 720 934
576 592 721 722 934
576 719 720 736 948
576 721 722 736 948
239 306 576 579 807 1149 1540
1499 1540 1541 1607 1787
1538 1607 1787 1794
1538 1539 1607 1787 1794
1539 1541 1607 1787 1794
1016 1794
109 307 579
119 579 610
123 579 735
115 393 579
116 402 579
130 579 927
120 579 589
126 579 747
57 501 852
57 194 579
197 404 638 639
197 639 652 713
197 590 638 640
197 640 653 713
458 560 576 721 722
239 306 576 579 807 1150 1542
89 579 783
26 267 460 576 885
27 460 576 579
27 474 480 576 579
461 576 721 722 809
211 462 724
462 576 1544 1607
1152 1544
239 306 463 576 579 807 1545
1153 1545
1154 1546
464 1546
412 466 501
466 494 579 807
466 807 1547 1731
1155 1547
197 394 395 576 579
197 403 404 576 579
197 576 579 713 979
197 576 579 930 981
197 576 579 584 770
197 576 579 586 590
197 576 579 736 743
357 394 396 576 579
357 403 405 576 579
357 576 579 928 979
357 576 579 932 981
357 576 579 584 810
357 576 579 586 588
357 576 579 738 898
357 576 579 741 748
357 576 579 611 613
357 576 579 737 743
267 306 357 396 576 820 1516 1607
267 306 357 405 576 820 1519 1607
267 306 357 576 820 928 1607 1778
267 306 357 576 820 932 1607 1779
267 306 357 576 810 820 1607 1612
267 306 357 576 588 820 1607 1613
267 306 357 576 820 898 1607 1694
267 306 357 576 748 820 1607 1695
267 306 357 576 613 820 1607 1617
267 306 357 576 737 820 1607 1696
467 468 576 719 720
467 468 576 721 722
204 576 604 719 720
1156 1548
469 1548
469 572 604
413 472 501
413 457 873
466 472 579 807
471 498
239 306 470 471 576
413 470 647
473 576 800 821
576 853 854 1497 1560 1607
576 707 708 1497 1560 1607
487 488 521 576 579 634 732 895
469 487 488 576 579 710 732 895
211 463 487 488 576 579 732 895
314 321 487 488 576 579 732 895
487 488 549 576 579 732 895 915
239 306 473 576 579 807 1549
473 576 1549 1607
1157 1549
473 1549
239 306 351 474 576 579 807 1551
576 1159 1551 1607
27 474 475
239 306 475 576 579 807 1552
576 1160 1552 1607
467 468 473 476 477 576
473 476 477 487 488 576
473 476 477 576 861 867
477 576 1554 1607
576 1162 1554 1607
239 306 476 576 579 807 1553
1158 1161 1162
576 1161 1553 1607
467 468 473 474 576
239 306 474 576 579 807 1550
1158 1550
467 468 473 478 479 576
473 478 479 487 488 576
473 478 479 576 861 867
576 1164 1556 1607
479 576 1556 1607
239 306 478 576 579 807 1555
1158 1163 1164
576 1163 1555 1607
460 467 468 473 480 576
460 473 480 487 488 576
460 473 480 576 861 867
239 306 480 576 579 807 1557
1151 1158 1165
576 1151 1543 1607
576 1165 1557 1607
460 576 1543 1607
467 468 473 481 482 576
473 481 482 487 488 576
473 481 482 576 861 867
576 1167 1559 1607
482 576 1559 1607
239 306 481 576 579 807 1558
1158 1166 1167
576 1166 1558 1607
1549 1550 1607 1609 1692
106 166 474 576 579 580
106 166 474 576 579 714 728
106 166 473
494 507 579 899
356 489 576 577
484 485 576 721 722
576 721 722 861 867
576 719 720 861 867
0 486 576 689 935
306 467 487 576 820
487 488 576 719 720
487 488 576 721 722
187 576 579 686
489 490 756 758
489 576 1560 1607
1168 1560
489 1560
499 707 708 902
63 64 499 902
239 306 465 472 576
496 507 579 660
495 844
239 306 495 496 576
495 576 1562 1607
1170 1562
497 576 1563 1607
1171 1563
466 783 852 1561
465 783 852 1561
1169 1561
0 489 576 579 935
0 239 306 489 807 935
1172 1564
498 576 1564 1607
499 579 664
499 576 1565 1607
1173 1565
1174 1566
576 1174 1566 1607
213 218 357 516 576
1567 1586 1609 1731
447 450 500 576 820
1175 1567
180 544
553 555 579 807
1596 1598 1609 1731
14 197 404 556
21 197 556 713
20 197 556 930
16 197 556 770
15 197 556 590
18 197 556 739
17 197 556 746
239 306 502 576 579 807 1568
1176 1568
413 556 576 721 722
413 556 853 854
413 556 707 708
63 64 413 556
239 306 503 576 579 807 1569
1177 1569
239 306 504 576 579 807 1570
1178 1570
239 306 505 576 579 807 1571
1179 1571
239 306 506 576 579 807 1572
1180 1572
553 556 579 807
19 546 576 579
545 546 576 721 722 807
466 517 579 724
195 507 576 721 722
507 536 579 807
507 807 1573 1731
1181 1573
1574 1576 1609 1731
1184 1576
1183 1575
185 511 579
513 576 719 720 922
59 512 579
513 576 1579 1607
1187 1579
512 576 1578 1607
1186 1578
511 576 1577 1607
1185 1577
239 306 509 510 576
1574 1575
509 536 579 681
508 535 576 1002 1006
514 783 852 1580
1188 1580
515 576 1581 1607
1189 1581
500 576 820 1006 1024
239 306 509 576 579 807 1574
509 576 1574 1607
1182 1574
517 807 1583 1731
1191 1583
517 783 852 1582
1190 1582
10 501 576 719 720 807
0 483 518 576 935
239 306 483 489 518 576 807
1192 1584
521 557 576 579 719 720
523 526
267 306 522 576 818
522 525 576 579 675
525 564 576 579 676
527 573 579 820
1193 1585
466 517 540 543
529 531 576 579 721 722
158 529 543 579
531 533 579 580 724 732
239 306 533 543 576 807 846
534 576 719 720 908
550 579 693 884 935
239 306 522 564
310 558
213 220 357 536
853 854 1586 1587 1607 1609
537 576 1587 1607
1195 1587
500 558 807
310 500 807
69 185 852
185 538 579
538 576 1588 1607
1196 1588
239 240 558 576
535 576 617 1002 1006
508 530 576 1002 1006
530 532 576 1002 1006
1198 1590
539 576 1589 1607
1197 1589
239 306 536 576 579 807 1586
507 783 852 1586
536 576 1586 1607
1194 1586
240 306 500 576 820
239 306 540 543 576 724 807
267 306 540 541 820 960
239 306 540 576 579 807 1591
1199 1591
514 576 719 720 920
239 306 543 545
158 543 1431 1592
239 306 382 543 547 576 807
158 356 543 576
251 543 576 579 721 722 724
540 543 579 724
1591 1592 1609 1680
540 543 579 820 825 836
542 543
251 540 543 576 721 722
544 548 576 721 722 961
267 306 543 548 820 961
239 306 543 576 579 807 1592
543 576 1592 1607
543 716 1592 1678
1200 1592
69 356 549 576
1202 1594
551 1594
53 213 357 550
239 306 552 576 579 807 1595
552 576 1595 1607
1203 1595
239 306 555 576 579 807 1598
1206 1598
239 306 556 576 579 807 1599
556 807 1599 1731
1207 1599
554 576 1597 1607
1205 1597
412 553 576 719 720
154 239 306 554 576
89 239 306 554 576
356 550 693 719 720 724 935
549 557 576 719 720
549 557 576 721 722
557 576 1600 1607
557 716 1600 1678
1208 1600
549 557 853 854
549 557 707 708
63 64 549 557
1204 1596
553 1596
239 306 553 556 576
572 576 579 644 651
576 579 644 711
267 306 550 559 820 962
550 576 1593 1607
550 716 1593 1678
1201 1593
523 525 579
241 306 562 576 820
239 306 561 563 576
561 562 579 807
564 576 623 721 722 724
267 306 540 543 564 576 579 820 1030
1209 1601
194 356 721 722 871
194 239 306 537 576
524 526 576 721 722
522 565 576 579
347 502 556 576 579
1484 1568 1599 1607 1609
462 503 556 576 579
1544 1569 1599 1607 1609
506 556 576 579 884
1572 1599 1607 1609 1754
504 553 556 576 579
1570 1596 1599 1607 1609
505 556 576 579 625
1571 1599 1607 1609 1623
493 566 627 820
567 568 571 572
239 306 564 570 576
570 576 1602 1607
1210 1602
572 574 579 897
239 306 572 574 576 807 897
1211 1603
571 572 576 721 722
571 572 579 580
1483 1592 1604 1609
239 306 572 576 579 807 1604
1212 1604
239 306 547 550 572 576 807
248 489 573 576 579
34 489 573 576 579 820
527 576 579 807 818
267 306 527 573 576
573 576 579 724 1031
1213 1605
97 573 820
575 576 579 724 1028
564 575 820 836
575 576 1606 1607
1214 1606
575 1606
497 539
515 922
1589 1590 1609 1731
1218 1610
1217 1609
579 1609
576 581 732 896
581 1611
1219 1611
1216 1608
577 1608
109 206 576 719 720
119 142 576 719 720
123 146 576 719 720
115 138 576 719 720
116 139 576 719 720
130 152 576 719 720
120 143 576 719 720
126 149 576 719 720
108 576 719 720 757
151 168 745 820
111 576 1427 1607
1054 1427
356 576 579 582
247 264 576 583 685
576 583 685 695
1222 1612
1223 1613
493 579 591 800 820
239 306 576 595 802
239 306 576 606 804
239 242 576 602 652
239 242 576 595 602
239 242 576 606 802
239 242 359 532 576
170 172 239 306 576
239 306 507 536 576
239 306 576 675 677
239 306 466 494 576
576 611 1607 1617
239 306 576 579 593 807 1614
576 593 1607 1614
1224 1614
576 579 596 598 719 720
579 597 598 807
267 306 596 599 820 963
239 306 576 579 596 807 1615
576 596 1607 1615
1225 1615
576 579 600 751 902
499 576 579 601 751
579 603 724 816
162 163 239 306 576
576 605 1607 1616
1226 1616
167 211 852
192 193 267 306 576
423 576 600 732
129 576 1429 1607
1056 1429
69 608
554 576 608 719 720
554 576 608 721 722
302 576 605 721 722
239 306 576 605 803
357 605 903 906
251 543 597 622
576 579 612 719 720 1028
1227 1617
208 213 611 613
612 623 820 836
576 577 853 854 1607
576 577 707 708 1607
63 64 576 577 1607
579 807 847 848
1228 1618
612 1618
1215 1607
67 576 628 629 630 631
467 468 473 576 628 629 630 631
467 468 473 576 628 629 631 632
68 576 630 631
467 468 576 632 633
166 576 630 633
251 356 616 721 722
348 615
23 579 615 852
549 616 902
254 382 628 629
184 576 618 719 720
184 576 618 721 722
576 618 1607 1619
1229 1619
249 459 540 543 576 832
459 579 622
54 131 356 576 579
133 251 543 620
267 306 620 621 820 964
239 306 576 579 620 807 1620
576 620 1607 1620
1230 1620
492 579 623
576 579 623 719 720 1030
1231 1621
576 624 1607 1622
1232 1622
625 716 1623 1678
579 612 626 866
239 306 576 623 626
1233 1623
576 626 1607 1624
1234 1624
433 627
576 578 579 627 719 720
99 101 576 719 720
72 99 579
72 100 579
100 132 213 357 576 579
239 306 576 579 634 807 1625
1235 1625
239 306 576 579 638 807 1627
239 306 576 579 807 1237 1627
29 256 576 721 722
30 51 576 721 722
197 209 232 356 576 665
213 232 356 357 576 665
353 376 637 820
579 637 641 807
287 579 641 783 807
103 356 576 1034
239 306 576 579 636 807 1626
576 636 1607 1626
1236 1626
645 852 853 854
645 707 708 852
576 645 1607 1629
1239 1629
1449 1499 1785 1788
509 536 579 648
1574 1586 1609 1630
36 198 199 579
1062 1435
198 576 1435 1607
1065 1438
201 576 1438 1607
576 646 711 719 720
576 647 711 721 722
201 254 543 579
576 579 645 647 719 720
8 576 646 719 720
9 576 647 719 720
576 648 1607 1630
1240 1630
576 644 719 720 852
644 852 853 854
171 251 543 649
267 306 649 650 820 965
239 306 576 579 649 807 1631
576 649 1607 1631
1241 1631
572 651 711
239 306 576 579 653 807 1633
1117 1215 1217 1220 1222
1215 1217 1221 1222 1242
267 657 659
306 657 658 820
239 306 576 579 652 807 1632
239 306 576 579 807 1242 1632
197 576 736 744
68 166 264 387 473 576 659 685 719 720 744
576 658 1607 1634
1244 1634
576 655 656 986 1002
1388 1519 1599 1607 1609
1394 1599 1607 1609 1778
1393 1599 1607 1609 1779
1390 1599 1607 1609 1612
1389 1599 1607 1609 1613
1392 1599 1607 1609 1694
1391 1599 1607 1609 1695
1374 1519 1569 1607 1609
1375 1569 1607 1609 1778
1376 1569 1607 1609 1779
1377 1569 1607 1609 1612
1378 1569 1607 1609 1613
1379 1569 1607 1609 1694
1380 1569 1607 1609 1695
1381 1519 1570 1607 1609
1382 1570 1607 1609 1778
1383 1570 1607 1609 1779
1384 1570 1607 1609 1612
1385 1570 1607 1609 1613
1386 1570 1607 1609 1694
1387 1570 1607 1609 1695
56 403 556 576 579
94 556 576 579 979
93 556 576 579 981
71 556 576 579 584
70 556 576 579 586
80 556 576 579 738
79 556 576 579 741
37 277 503 784
38 278 503 785
39 279 503 786
40 280 503 787
41 281 503 788
42 282 503 789
43 283 503 790
44 277 504 784
45 278 504 785
46 279 504 786
47 280 504 787
48 281 504 788
49 282 504 789
50 283 504 790
37 403 503 576 579
38 503 576 579 979
39 503 576 579 981
40 503 576 579 584
41 503 576 579 586
42 503 576 579 738
43 503 576 579 741
44 403 504 576 579
45 504 576 579 979
46 504 576 579 981
47 504 576 579 584
48 504 576 579 586
49 504 576 579 738
50 504 576 579 741
52 576 721 722 884
13 356 576 660
267 306 660 661 820 966
239 306 576 579 660 807 1636
576 660 1607 1636
1245 1636
662 1037
576 662 1607 1637
1246 1637
466 576 697 719 720
209 356 576 665
247 264 666 667
356 663 719 720 852
576 663 1607 1638
1247 1638
213 357 549 576 579 664
213 222 357 668
239 306 576 579 671 807 1641
1250 1641
239 306 576 579 672 807 1642
1251 1642
239 306 576 579 673 807 1643
1252 1643
239 306 576 579 674 807 1644
1253 1644
239 306 576 579 668 807 1640
669 783 852 1640
1249 1640
576 664 1607 1639
1248 1639
522 525 576 676 807
466 677
677 807 1646 1731
1255 1646
497 576 679 719 720
678 783 852 1647
1256 1647
554 579 677 678
677 783 852 1645
1254 1645
74 75 579
692 852 902
75 357 576 579 734 817
197 357 665 666
379 576 683 852 926
1457 1672 1675
1459 1672 1674
1457 1673 1676
1457 1609 1667 1675
1457 1609 1669 1676
1457 1609 1671 1672
1457 1609 1666 1671
1457 1609 1665 1670
1609 1666 1667
1609 1664 1665
1609 1671 1675
1609 1668 1669
576 664 719 720 734
664 734 853 854
664 707 708 734
356 664 719 720 852
356 664 721 722 852
77 484 485 576 578 579
77 88 355
576 681 1607 1648
1257 1648
1258 1649
682 1649
76 164 376 576 820
264 306 579 685 807 820
239 306 576 579 684 807 1650
1259 1650
579 580 685 688
579 580 685 687
189 576 583 685 935
239 306 576 579 688 807 1653
1262 1653
239 306 576 579 687 807 1652
1261 1652
579 685 688 951 952
579 685 687 951 952
267 306 685 689 820 967
239 306 576 579 685 807 1651
1260 1651
576 690 1607 1654
1263 1654
690 1654
239 306 576 579 690 807 1654
413 711 807
579 625 691 807
74 579 692
1264 1655
576 1264 1607 1655
1265 1656
1459 1609 1664 1675
1457 1609 1665 1666
1459 1609 1670 1672
1457 1609 1662 1665
1459 1609 1663 1674
1609 1662 1663
1609 1670 1674
536 579 668 673
536 579 673 674
536 579 672 674
536 579 671 672
536 579 670 671
1466 1666
1465 1466 1665
1465 1662
1466 1667 1668
500 672 674 807
500 671 672 807
500 670 671 807
356 576 694 817
576 695 1607 1657
1266 1657
694 903
576 696 1607 1658
696 1658
579 675 677 807
697 783 852 1659
1268 1659
58 579 679
1267 1658
267 628 629 698 700 719 720
353 355 576 642 654
353 355 576 638 642
353 355 576 643 804
239 306 576 579 701 807 1660
1269 1660
376 576 702 703 820
267 378 576 579 701 702 706
573 576 702 704 820
62 132 579 693 935
580 664 732 734
306 576 705 706 820
576 991 1000 1672
576 991 1000 1672 1673
367 378 576 699 700 705
306 576 698 699 820
128 576 709 721 722
239 306 576 579 710 807 1661
1270 1661
188 190 234 579
0 576 579 686
686 693 721 722
189 576 693 719 720
579 680 712
203 469 579 580 732 976
1271 1677
714 1677
208 216 546 579
1273 1679
718 1679
267 576 579 719 727
576 707 708 719 720
576 719 720 853 854 1607
576 707 708 719 720 1607
63 64 576 719 720 1607
576 719 720 853 854
63 64 576 719 720
239 306 576 719 721
243 576 579 719 723
576 721 722 853 854
576 707 708 721 722
63 64 576 721 722
579 719 721 807
267 306 436 576 719 724 820
719 720 721 722
239 306 579 718 726 807 820 836
576 716 1607 1678
1272 1678
239 306 522 573
239 306 1002 1024
239 306 336 376
239 306 442 450
239 306 407 411
239 306 451 454
239 306 398 400
239 306 388 391
1274 1680
724 1680
576 579 714 719 720 728
239 306 576 579 725 807 1681
576 725 1607 1681
1275 1681
725 1681
306 576 719 727 820
579 724 726 727
576 579 723 727 859
727 1682
576 579 723 859 1682
1276 1682
579 718 723 724
306 436 576 726 820
191 431 576 718 726
356 576 726 820 836 856
576 729 1607 1684
1278 1684
853 854 1609 1684 1685
576 579 729 730 853 854 1607
707 708 1609 1684 1685
576 579 707 708 729 730 1607
729 730 1684 1685
1279 1685
576 719 720 728 730 732
576 721 722 728 730 732
1280 1686
576 1280 1607 1686
1277 1683
728 1683
452 453 579 807
579 807 1030 1032
1609 1731 1800 1801
579 623 626 807
1609 1621 1624 1731
428 429 579 807
1523 1524 1609 1731
1536 1537 1609 1731
579 807 1013 1023
1609 1731 1793 1797
399 401 579 807
1517 1518 1609 1731
355 385 579 807
1496 1513 1609 1731
449 579 807 944
1535 1609 1731 1772
386 389 579 807
1514 1515 1609 1731
235 267 579 807
1452 1463 1609 1731
408 410 579 807
1520 1521 1609 1731
564 570 579 807
1601 1602 1609 1731
576 579 619 635 807
427 430 576 579 807
576 579 807 1029 1031
522 573 576 579 807
1585 1605 1607 1609 1731
336 376 576 579 807
408 411 576 579 820
428 430 576 579 820
576 579 820 1030 1031
564 573 576 579 820
399 400 576 579 820
355 376 576 579 820
389 391 576 579 820
267 306 576 579 820
449 450 576 579 820
576 579 820 1013 1024
576 579 623 635 820
410 411 579 823
570 573 579 823
576 579 719 720 724 729
853 854 1607 1609 1680 1684
707 708 1607 1609 1680 1684
239 306 576 579 807 1281 1689
1499 1607 1689 1690 1787
1607 1687 1691 1787
1607 1687 1688 1691 1787
1607 1688 1690 1691 1787
213 289 357 860
731 1691
519 528 576 1002 1008
289 519 576 1002 1006
528 576 731 1002 1006
1283 1693
1282 1692
732 1692
356 576 734 852
78 357 489 817
331 352 576 753 807
1284 1694
1285 1695
1286 1696
493 627 745 820
267 306 576 743 744 820
458 579 594
576 594 721 722 749
356 357 576 665 667 749
251 543 750 806
81 85 247 264 576
82 84 247 264 576
101 171 356 576
83 84 732
83 84 239 306 576 579 719 720 807
356 576 755 1013
82 85 732
82 85 239 306 576 579 719 720 807
167 579 751
86 151 356 576
81 86 732
81 86 239 306 576 579 719 720 807
461 579 607
576 607 721 722 752
197 356 560 576 665 752
356 576 753 846
239 306 576 579 753 807 1697
1287 1697
576 754 1607 1698
1288 1698
754 755 820 836
331 759 760 807
356 490 576 758
87 153 576 579 721 722
24 153 213 357
19 543 576 579 719 720
19 576 721 722 833
239 306 576 579 761 807 1699
239 306 576 579 762 807 1700
239 306 576 579 763 807 1701
239 306 576 579 764 807 1702
239 306 576 579 765 807 1703
239 306 576 579 766 807 1704
239 306 576 579 767 807 1705
576 769 1607 1706
1289 1706
576 579 721 722 732 798 864
267 306 357 768 798 820
252 267 306 576 772 811 820
1 579 761 807
1363 1609 1699 1731
2 579 762 807
1364 1609 1700 1731
3 579 763 807
1365 1609 1701 1731
4 579 764 807
1366 1609 1702 1731
5 579 765 807
1367 1609 1703 1731
6 579 766 807
1368 1609 1704 1731
7 579 767 807
1369 1609 1705 1731
996 1001 1011 1013
576 773 774 895 951 952
567 568 576 773 774 895
267 326 576 579
97 564 576 579
213 356 357 719 720 852
576 719 720 775 850
580 732 775 850
356 456 576 579 719 720 775 806 807
579 775 807 851
239 306 576 579 776 807 1707
239 306 576 579 777 807 1708
239 306 576 579 778 807 1709
239 306 576 579 779 807 1710
239 306 576 579 780 807 1711
239 306 576 579 781 807 1712
239 306 576 579 782 807 1713
1609 1610 1680 1692 1706 1714
1290 1714
174 576 719 720 750
1367 1542 1632 1711
1369 1542 1632 1713
239 306 466 472 576
239 306 576 920 921
239 306 576 873 874
213 357 489 852
239 306 576 579 784 807 1715
239 306 576 579 785 807 1716
239 306 576 579 786 807 1717
239 306 576 579 787 807 1718
239 306 576 579 788 807 1719
239 306 576 579 789 807 1720
239 306 576 579 790 807 1721
516 517
154 155 576 719 720
466 507
10 154 239 306
194 195 576 579
90 557 579 807
89 154
500 507
239 306 576 579 791 807 1722
239 306 576 579 792 807 1723
239 306 576 579 793 807 1724
239 306 576 579 794 807 1725
239 306 576 579 795 807 1726
239 306 576 579 796 807 1727
239 306 576 579 797 807 1728
579 784 791 807
1609 1715 1722 1731
579 785 792 807
1609 1716 1723 1731
579 786 793 807
1609 1717 1724 1731
579 787 794 807
1609 1718 1725 1731
579 788 795 807
1609 1719 1726 1731
579 789 796 807
1609 1720 1727 1731
579 790 797 807
1609 1721 1728 1731
337 355 556 576 791
343 355 556 576 792
342 355 556 576 793
339 355 556 576 794
338 355 556 576 795
341 355 556 576 796
340 355 556 576 797
239 306 576 579 800 807 1730
1292 1730
251 543 799 805
267 306 799 801 820 968
576 799 1607 1729
1291 1729
1609 1623 1656 1731
576 807 1607 1731
1293 1731
239 306 576 579 807 1731
1415 1519 1609 1699
1422 1609 1700 1778
1421 1609 1701 1779
1418 1609 1612 1702
1417 1609 1613 1703
1420 1609 1694 1704
1419 1609 1695 1705
1401 1519 1607 1609 1707
1402 1607 1609 1708 1778
1403 1607 1609 1709 1779
1404 1607 1609 1612 1710
1405 1607 1609 1613 1711
1406 1607 1609 1694 1712
1407 1607 1609 1695 1713
1408 1519 1607 1609 1715
1409 1607 1609 1716 1778
1410 1607 1609 1717 1779
1411 1607 1609 1612 1718
1412 1607 1609 1613 1719
1413 1607 1609 1694 1720
1414 1607 1609 1695 1721
1388 1519 1607 1609 1699
1394 1607 1609 1700 1778
1393 1607 1609 1701 1779
1390 1607 1609 1612 1702
1389 1607 1609 1613 1703
1392 1607 1609 1694 1704
1391 1607 1609 1695 1705
1374 1519 1607 1609 1707
1375 1607 1609 1708 1778
1376 1607 1609 1709 1779
1377 1607 1609 1612 1710
1378 1607 1609 1613 1711
1379 1607 1609 1694 1712
1380 1607 1609 1695 1713
1381 1519 1607 1609 1715
1382 1607 1609 1716 1778
1383 1607 1609 1717 1779
1384 1607 1609 1612 1718
1385 1607 1609 1613 1719
1386 1607 1609 1694 1720
1387 1607 1609 1695 1721
676 677
177 181 579 807
579 682 808 809
73 163 239 306
175 239 306 576 811
716 811 1678 1732
1294 1732
98 579 719 720 812
213 356 357 484 485 576 852
208 356 579 852 853 854
576 579 807 820
576 579 807 820 823
239 306 813 815
1296 1734
814 1734
716 813 1678 1733
1295 1733
180 576 579 816
356 576 579 734 783 807
176 356 576 771
239 306 356 734 783
813 817 902 903
522 579 818 820
239 306 820 823
239 306 807 820
858 859
65 66
175 176 355 376 382 576 820
96 356 719 720 819
356 576 579 805 819
579 732 821 822
499 821 822 902
344 576 719 720 732 824
576 824 1607 1735
1297 1735
267 306 576 579 783 807 852
1608 1609 1731 1736
1298 1736
239 306 518 550 576 807 825
239 250 306 491 576 807
54 826
579 827 831
32 179 239 301 306 576 807
576 579 820 827 828
239 306 483 491 540 543 576 579 807
831 832
19 467 468 576 833
239 306 576 579 807 834 1738
1300 1738
267 306 820 833 835 969
239 306 576 579 807 833 1737
576 833 1607 1737
716 833 1678 1737
1299 1737
267 306 576 836 859
576 844 1607 1739
1301 1739
156 783 807 890
356 576 776 837
356 576 777 838
356 576 778 839
356 576 779 840
356 576 780 841
356 576 781 842
356 576 782 843
155 251 543 845
1302 1740
579 807 845 884
1609 1731 1740 1754
337 355 576 837 884
343 355 576 838 884
342 355 576 839 884
339 355 576 840 884
338 355 576 841 884
341 355 576 842 884
340 355 576 843 884
357 807 815 817
213 233 357 807
1609 1731 1769 1770
306 437 576 771 820
753 846 1697 1741
159 251 543 846
239 306 576 579 807 846 1741
576 846 1607 1741
1303 1741
234 235 807 858
65 234 386 807
570 575 807 858
65 410 575 807
612 626 807 858
65 429 612 807
807 858 1028 1032
579 580 724 732 847 850
239 306 576 847 848
1304 1742
848 1742
239 306 576 849 850
239 306 576 775 851
1306 1744
851 1744
579 807 849 850
1305 1743
849 1743
239 306 576 783 852
807 858 1018 1023
576 719 720 732 1018 1019
576 852 1607 1745
1307 1745
576 732 733 853 854
576 707 708 732 733
1308 1746
855 1746
104 576 719 720 855
413 579 614 807 856
239 306 836 857
239 306 576 857 858
579 807 859 866
1609 1731 1747 1749
1309 1747
239 306 487 576 867
177 392 432 579 807
177 432 867
239 306 576 859 866
239 306 576 862 872
872 1033
87 864
1310 1748
576 1310 1607 1748
442 448 576 617 643
425 583 865
239 306 576 579 807 866 1749
1311 1749
868 870
239 306 576 868 869
1312 1750
576 870 1607 1750
413 647 869
239 388 579 951 952
239 388 567 568 579
407 522 579 951 952
407 522 567 568 579
336 398 579 951 952
336 398 567 568 579
451 579 951 952 1002
451 567 568 579 1002
306 391 484 485 576 579
411 484 485 573 576 579
376 400 484 485 576 579
454 484 485 576 579 1024
871 1033
859 871
191 579 807 863
67 239 306 576 579 807 909 910 913 914
239 306 467 468 473 576 579 807 909 910 913 914
239 306 467 468 473 576 579 807 910 911 913 914
68 576 909 910
467 468 576 911 912
166 576 909 912
563 874
356 576 579 724 900 907
286 306 522 573 579 807 820 896
469 550 579 580 732 875
466 576 719 720 876
783 852 876 1751
1313 1751
254 382 913 914
35 579 891 902
251 543 891 892
576 807 879 882 887
409 571 572 576 579 893
409 569 572 576 721 722
569 572 721 722 881
267 306 579 807 881 882
579 707 708 880 893
1314 1752
576 880 1607 1752
91 251 356 576 615
306 576 820 884 885
213 231 357 884
724 852 883
724 852 884
267 306 820 884 886 971
267 306 820 884 887 970
576 884 1607 1754
716 884 1678 1754
1316 1754
204 489 572 576 579
543 579 902 904
576 579 719 720 904 905
91 92 852
440 576 719 720 878
473 576 878 888
105 576 721 722 889
239 306 576 889 890
382 383 576 902 906
576 889 1607 1755
1317 1755
1318 1756
576 893 1607 1756
1319 1757
894 1757
1320 1758
576 896 1607 1759
1321 1759
251 543 905 907
202 213 357 576 897
213 357 576 715 897
239 306 576 579 807 897 1760
576 897 1607 1760
1322 1760
188 265 576 846 897
576 580 732 733
1607 1610 1692 1693
576 579 719 720 902 908
576 579 721 722 902 908
301 902 1475 1761
267 306 357 820 877 901
92 579 901
576 902 1607 1761
1323 1761
499 853 854 902
499 902 1565 1761
664 902 1639 1761
239 306 357 807 902 903
1324 1762
902 923 1761 1764
783 852 899 1762
239 306 576 579 807 915 1763
1325 1763
576 579 581 721 722 895
239 306 576 579 807 896 1759
334 931
263 576 719 720 922
457 466 501 874
579 734 924
1326 1764
902 924 1761 1765
1327 1765
576 923 1607 1764
205 251 356 576 732 895 902 925
239 306 576 579 807 925 1766
1328 1766
1329 1767
576 579 807 937 939
213 357 443 444 576
251 444 445 543
445 446
446 448 576 721 722
445 447 579
239 306 576 654 655
438 439 1531 1532
438 439 1533 1534
413 501 921
576 719 720 721 722 1607
357 579 892 903 933
579 580 951 952
576 944 1607 1772
1334 1772
239 306 576 579 807 936 1768
1330 1768
211 304 550
211 550 941
53 576 719 720 941
78 724 941
1332 1770
579 803 807 941
267 306 820 941 942 972
239 306 576 579 807 941 1769
576 941 1607 1769
716 941 1678 1769
1331 1769
576 943 1607 1771
1333 1771
172 267 306 356 416 456 576 579 628 629 721 722 820
501 859 874 1033
457 466 501 1033
576 579 707 708 945 946
707 708 1607 1609 1773 1774
63 64 576 579 945 946
63 64 1607 1609 1773 1774
1336 1774
1335 1773
239 306 449 576 944
65 807 943 944
415 449 452 693
239 306 576 936 937
239 306 937 939
73 172 576 820 937
413 501
95 234 306 437
576 721 722 951 952
507 536 579 954
579 807 953 954
507 576 954 1002 1006
536 579 953
1586 1609 1775
783 852 954 1775
1337 1775
579 624 724 852 976
131 501 579 884 976
579 624 884 976
131 501 624
267 306 820 973 976 977
576 976 1607 1776
1338 1776
69 554 576 719 720
239 306 576 579 807 978 1777
1339 1777
1340 1778
1341 1779
1342 1780
576 1342 1607 1780
239 306 576 579 807 983 1781
1343 1781
1344 1782
165 264 387 416 576 685 721 722 984
1432 1609 1610 1680 1692 1782
1609 1731 1783 1784
1346 1784
96 251 543 984
267 306 820 974 984 985
576 984 1607 1783
1345 1783
239 305 576 807 939
122 197 576 986 988
36 239 306 576 807 998 1010
1443 1607 1609 1789 1793
1445 1607 1609 1786 1793
1347 1786
576 579 719 720 994 995
993 994
122 197 987 993
783 807 992 993
218 576 820 993 1024
576 991 993 996 1002
239 306 542 576 807 997 998
239 254 306 576 807 997 999
576 721 722 992 999
576 579 807 1000 1001
493 627 820 1000
1607 1609 1731 1787 1788
1001 1788
1348 1789
1006 1007
1007 1008
1576 1607 1609 1791 1793
1350 1791
576 579 719 720 1006 1009
356 719 720 1005 1009
1351 1792
1567 1607 1609 1790 1793
1349 1790
251 543 1004 1005
1590 1607 1609 1792 1793
500 510 1006 1007
356 549 576 579 724 1021
239 255 306 576 807 1010 1011
208 579 987 988
0 576 935 1003 1004
990 1785
199 239 306 576 807 999 1010
253 579 1010 1012
200 239 306 576 807 999 1012
239 306 1002 1013
1352 1793
489 579 989 990
989 1001 1002 1003
247 264 440 576 1017
579 603 1017
356 368 576 1017
820 836 1013 1018
330 576 579 812 1019
576 1018 1607 1795
1353 1795
576 719 720 760 1021
1354 1796
1022 1796
260 356 579 580 732 1020
579 866 1018 1023
522 573 576 1013 1023
576 1023 1607 1797
1355 1797
576 579 656 986 1013
132 251 543 1025
267 306 820 975 1025 1026
239 306 576 579 807 1025 1798
576 1025 1607 1798
1356 1798
132 254 852 1025
267 378 576 579 706 983 1027
872 1034
576 579 719 720 1020 1028
576 1028 1607 1799
1357 1799
1028 1799
1358 1800
820 836 1028 1030
579 866 1028 1032
576 1032 1607 1801
1359 1801
1035 1036
494 536
239 306 576 1033 1036
239 306 576 1034 1037
576 1037 1607 1803
1361 1803
239 306 576 579 807 1035 1802
576 1035 1607 1802
1360 1802
239 306 576 579 807 1038 1804
576 1038 1607 1804
1038 1804
1362 1804