15 18 21
1 2 7 16 20 26 32
4 31
5 13 17 25
8 12 14 24 29
3 9 11 19 28
6 10 22 23 27 30
15 17 24 28
1 26 29 48
38 39 59 74 77
21 49
12 25 34 58 62 73 76
19 22 43 57 63 72 75 79 81 82
3 71 78
7 9 45 51
5 35 36 37 46 50 52 55 64 65 66 67
2 6 8 11 18 20 30 31 32 33 40 41 42 60 70 80 84
4 10 13 14 16 23 27 44 47 53 54 56 61 68 69 83
52 91 115 123 137 143 147 172 185 212 219 242 314
29 31 39 73 78
88 95 103 104 110 123 131 174 191 192 208 218 227 245 286 306 313 319 320
5 9 14 17 19 38 49 50
80 91 94 106 113 114 122 124 134 136 143 150 153 181 187 201 234 237 241 250 300 308 317 325 330 331
4 28 33 37 48 56 62 69
58 87 89 95 97 107 124 131 133 145 166 173 174 184 217 220 236 260 297 298 299 307 315 324 326 333
254 261
16 20 21 25 76 123 241 266 267
336 341
90 93 96 115 125 128 130 142 143 151 158 161 173 176 177 199 200 207 215 216 225 226 240 244 304 305 311 312 324 334
58 123 253 257
6 35 36 40 41 47 60 61 68 75 77 241 263 264 265 270 271 272 273
100 105 108 114 139 145 155 173 175 198 205 206 221 233 243 335
252 276 278 343
12 27 30 46 66 74
95 98 99 102 121 123 124 128 129 141 144 146 147 148 154 156 166 169 170 171 173 180 190 193 196 204 211 224 231 232 235 239 316 318 327 329
254 256 259 275 277
3 26 32 45 51 53 54 55 58 65 67 83 84 179 269
62 80 109 118 123 126 127 132 152 159 160 167 168 203 213 214 249 282 323 328
280 281 344 346 347
2 8 11 13 15 24 34 43 71 210
62 91 102 117 123 124 138 157 194 195 210 230 248 283 284 308 322
172 274 345
1 18 42 57 64 72 81 178 248
91 101 103 113 120 149 162 172 188 189 202 209 246 247 286 321 332
260 342
7 23 52 80 262
114 121 128 130 140 145 175 182 183 186 197 238 282 285 287 288 289 292 293 294 296 301
255 279
10 22 63 70 79 85
86 92 116 119 123 135 151 158 165 172 175 192 222 223 228 229 290 291 295 302 303 309 310
236 256
44 59 82 268
89 95 107 124 140 148 154 177 188 205 212 216 222 224 284 298 301 302
278 280 281
10 64
88 95 101 102 114 119 120 123 145 151 156 183 185 193 197 200 208 211 215 220 221 283
5 11 16 22 26 29 32 37 42 50 51 54 55 56 60 63 74 76 268 271
52 105 130 153 155 162 165 207 214 228 294 305
14 38 48 49 59 80 85
123 125 131 143 151 175 176 202 232
33 72 73 84 178 241
62 115 122 123 128 158 166 170 173 192 196 199 233 234 247 248 249 285 304
47 53 70 265 267 269 270
91 103 108 124 127 133 143 150 161 171 174 182 192 201 204 210 213 218 219 230 242 243 244 245 246 289 299 300 303
4 6 7 9 13 15 17 19 25 52 66 68 77 83 210 273
80 87 96 98 100 104 110 113 116 118 121 123 128 129 130 141 149 167 180 181 198 203 206 223 240 241 287 297
3 18 21 23 31 35 36 61 62
91 102 103 109 113 126 132 139 159 160 173 191 195 217 227 231 238 239 291 295 296
1 2 8 24 30 40 46 75 79 123 264
91 95 99 106 114 121 144 174 209 226 229 236 237 250
254 257 258 275 279
12 28 65 67 69 81
80 90 94 124 135 143 152 169 172 173 184 187 286 293 307
253 256 260
45 82 272
91 114 117 131 134 136 137 138 142 146 147 158 186 190 194 235 306
58 252 254 259
20 27 43 44 57 58 78 262 266
62 86 92 93 97 115 124 147 157 168 172 189 225 282 288 290 292 308
255 261
34 39 41 71 179 241 263 264
89 105 114 123 141 143 150 165 177 181 182 183 186 220
11 12 32 47 48 55 178
91 92 98 102 113 118 121 123 145 156 175 180 222 233 236 240 245
4 5 41 54 61 66 67
62 86 103 107 108 113 120 122 140 143 173 174 185 188 191 211 213 216 221 237
9 25 27 36 40 43 45 46 62 65 74 76
91 115 130 133 137 142 146 172 195 219 224 230 239
3 15 20 35 64 84
95 96 101 106 117 119 128 144 151 152 167 192 197 218 232 248
53 57 63 73 75
95 124 134 135 136 139 147 154 159 162 171 173 190 194 196 199 200 201 210 227 234 242 243
2 14 16 18 72 81 82 83 85 179
90 93 100 123 124 127 129 131 138 158 161 166 202 203 228 241
13 17 19 26 29 39 52 71
52 102 103 128 149 153 155 170 174 176 193 198 223 235 238
6 10 21 42 50 51 59 70 80
88 99 104 115 124 143 157 169 189 204 205 212 214 215 244 249 250
251 252 253
22 33 34 69 78
62 80 94 95 110 125 131 147 151 184 206 208 209 246
28 30 38 58 68
95 116 123 126 128 130 168 187 207 217 225 226 229
7 8 23 24 44 60
87 97 109 114 124 132 148 160 231 247
1 31 37 49 56 77 79
80 92 103 117 118 149 151 162 169 175 191 226 231
12 38 48 65 76 77 262
86 122 147 174 190
257 260
70 73 75 178 263
103 106 120 125 133 138 145 152 153 157 158 168 170 188 189 245
253 255 261
10 18 20 22 54
62 121 124 139 140 142 160 161 183 193 194 244
4 5 7 27 31 32 33 59 64
91 114 127 141 150 172 177 192 249 250
21 30 53 85 179
95 101 102 123 130 136 148 197 199 200 205 206 217
8 28 29 37 47 58 63 67 69 80
62 95 99 100 123 128 132 147 173 181 182 203 204 207 213 228 234
26 36 52 57 62 66 68 84 264
97 104 115 124 129 135 147 159 176 201 202 209 211 212 216 238 247 248
251 256 258
9 49 72
52 87 90 94 96 102 105 107 108 109 113 116 123 126 128 130 131 143 144 166 173 186 187 195 210 221 222 223 233
6 11 17 35 46 51 56 74 83 241 266
80 91 93 95 123 124 131 137 156 167 184 196 215 220 227 232 236 239 241
15 16 19 41 42 45 50 61 71 82 265
88 89 95 98 110 114 115 124 143 151 154 155 171 185 214 224 225 229 230 240 242
1 2 3 13 14 23 34 39 40 43 44 60 78 81
113 119 128 134 143 146 165 172 180 198 208 218 219 235 237 243 246
24 25 55 79 123
88 101 102 105 119 120 123 129 134 142 143 144 147 151 152 173 175 177 218 219 220 282 289 312 320 328
20 28 35 42 44 77 78 123
111 163
62 87 118 123 128 132 140 147 190 206 211 296 304 327
276 277 281
13 21 23 40 52 70 82 241 248 266 270
86 95 128 159 173 192 195 196 202 207 210 214 223 283 284 294 306 326 329
24 66 76 80 81 83
52 80 92 96 100 106 114 122 157 166 171 175 221 225 227 228 229 230 231 310 324 331 332 333 334 335
16 17 39 75 265 269
108 116 121 136 139 175 191 192 193 219 224 236 308 318 323
65 69 73 271
93 99 102 114 121 143 148 165 169 170 173 217 233 238 286 287 295 302 305 314 316 322
12 34 45 59 60 64 179 210 264
62 95 110 124 130 141 147 160 166 175 183 197 201 239 291 307 311 313 315 324 330
5 6 7 8 11 15 29 38 263 268
89 91 98 104 113 115 131 151 156 158 161 168 172 174 180 198 199 200 204 245 285 292 301 303 319 325
3 4 14 19 33 43 50 51 58 63 74
91 95 97 103 130 137 145 158 167 172 174 181 185 188 189 232 247 290 298 300 309 321
253 254 255 279
57 62 67 68 71 79 85
80 124 135 146 150 154 162 194 216 222 226 234 244 246 249 288
256 257 258 259
2 22 37 49 53 56 61 72 84 262 264 267 273
58 91 95 107 109 114 115 123 126 127 128 133 138 143 155 173 182 184 186 203 212 241 243 260 297
251 280
1 9 10 18 25 26 27 32 36 41 48 55 178
90 94 117 123 124 125 145 149 153 176 187 205 208 209 213 215 235 237 240 242 248 250 286 293 299 317
252 254 274
30 31 46 47 54 241 272
89 105 113 123 124 145 156 157 200 208 209 215 216 217 234 235 287
17 28 29 36 45 51 241 262 269 272
91 99 122 131 147 148 161 173 203 211 213 214 233 282 285 302 305 311
14 62 63 77 84 271
62 114 121 125 138 150 169 172 174 184 189 202 210 229 241 242 291 306 309
2 3
88 96 118 123 142 143 151 174 188 201 228 232 236 240 298 299 300 304
35 37 48 69 83 178
52 95 98 104 109 113 114 115 134 135 139 144 147 159 173 227 239 286 296 301 303 307
6 12 23 24 25 27 33 34 38 75
62 91 95 97 103 117 124 129 153 160 171 172 181 197 204 226 245 310
1 4 10 22 41 42 44 47 50 53 59 60 68 270
87 91 94 95 106 115 140 141 146 152 168 192 193 198 225 284 294 314 315 316 319
7 13 49 58 67 73 74 273
93 102 107 124 128 132 143 158 167 170 180 195 196 199 231 238 244 290 318
9 11 15 32 40 57 61 66 71 78 264 267
80 103 127 137 187 191 207 223 224 230 237 249 283 289 295 313
251 252 253 254 255 275 280
5 8 20 21 55 56 65 81 82 123 179 263 264
80 86 102 108 126 128 143 149 155 162 177 185 186 190 206 222 243 247 250 286 297 308 317 321
52 70 79 210 266
92 116 123 130 151 158 166 176 192 221 246 293 312 322
257 274 279
18 19 26 31 46 54 85
90 91 95 100 101 110 114 119 120 121 123 130 131 133 136 154 165 166 175 182 183 194 205 212 218 219 220 248 288 292 320
58 254 256 259 260 261
16 30 39 43 64 72 76 80 265 268
86 95 114 115 118 128 131 135 151 153 158 170 174 211 213 219 285 290 300 301
8 16 17 36 40 54 55 71 84 178 263
100 114 138 143 161 192 206 212 218 221 292
1 15 31 59 69 80 81 265 266
91 92 95 96 97 98 99 103 108 109 110 134 137 139 141 147 151 171 180 202 210 288 294 296 298
260 278 280
11 13 20 23 35 39 41 43 52 53 61 73 79 210 262
52 91 104 115 123 124 126 132 133 136 140 152 173 186 198 201 225 226 227 228 229 230 283 284 297 299
58 254 257 279
10 14 46 51 74 76 77 78 83 269 273
80 88 91 95 102 123 124 129 130 131 143 150 158 166 172 184 185 200 207 217 224 234 235 238 241 282 286 287 289 303
256 259 261 274
5 9 30 34 123
62 90 91 121 124 146 148 149 156 162 173 190 205 208 232 233 239 242 304
251 253
3 4 25 38 48 60 63
94 105 117 119 143 157 160 168 169 174 183 222 223 237 243 244 245 249 302
2 45 62 66 82 264
89 102 114 123 147 165 189 197 209 215 216 220 248
255 277
65 70 85 267 268 271
93 101 103 130 142 155 176 193 196 240 246 247
275 276
7 28 44 58 72 241 270
95 113 116 123 124 144 145 173 175 177 188 204 291
252 254
6 18 19 24 27 37 56 57 68 75 179 264
80 106 122 125 154 172 194 195 203 231 250 293 295 305
21 22 26 50 67 241
97 164
62 87 107 113 120 127 159 167 181 182 187 191 192 199 214 236 306
12 29 32 33 42 47 49 64 272
62 96 113 115 117 123 124 126 132 141 145 147 148 151 162 166 174 182 183 184 203 206 220 223 225 226 227 229 234 237 247 292 298 301 303 304 306 317 322 324 327
130 251 346 360
9 12 27 45 53 69 70 83 137 248
87 91 95 109 124 151 160 161 165 167 173 197 210 240 242 246 249 250 291 297 305 326
253 342 365
7 8 13 15 21 22 29 32 39 40 56 62 179 351
80 90 91 106 108 114 127 129 135 140 143 153 175 198 207 208 209 241 243 260 308 318 320 332
355 359 364
3 38 44 75
89 95 101 114 115 124 125 130 142 145 150 158 171 172 181 185 190 193 205 231 236 248 307 323 331
344 345 357 358
14 20 31 37 43 46 47 55 57 64 74 79 264 265 270
97 111
58 80 93 95 102 105 119 123 131 138 146 149 168 172 177 180 186 195 196 200 204 233 313 330 335
254 256 260 261 350 361
6 35 36 42 52 62 63 73 178 262 263 269
338 339
92 103 104 118 124 136 155 159 174 175 189 216 228 238 245
58 259 274 354
11 49 68 268
52 86 88 94 128 130 144 158 175 192 217 218 282 302 315 328 329 334
5 19 24 51 61 65 66 67 71 76 78 82 123 241 267
99 100 103 123 128 134 137 143 147 154 156 170 173 176 188 194 219 230 235 285 294 300 311 312 321 325 352
280 281 347 362 369
1 2 16 26 34 41 80 84 85 264 272 273
114 122 143 157 173 175 191 192 215 222 224 232 289 319
123 257 258 279 363
18 28 72 77 81 210 241
62 91 98 102 123 131 152 169 187 202 212 283 284 286 288 309 324 333 353
255 256 366 368
23 33 48 54 59 60 254 266
340 341
97 107 120 121 123 128 199 211 214 219 221 244 286 287 290 295 296 314 316
254 275 276 343 356 371 372
10 25 30
110 116 133 139 147 172 201 213 239 293 299 308 310
135 172 236 277 278 367 370
4 17 50 58 271
62 101 102 105 145 153 169 183 193 201 202 203 206 207 214 224 230
124 130 280 365 369 375 426
3 10 11 28 39 61 64 178 179 241 380 394 400
98 113 124 165 172 182 194 200 209 213 216 222 223 228 353
236 278 350 364 371 374 412 428
2 9 38 40 42 51 57 68 70 71 72 74 272 273 380
111 341 417 421
97 114 133 141 147 158 160 172 173 174 181 192 199 221 232 282 285
14 27 77 85 264 289
62 80 89 91 94 95 102 106 107 123 128 143 147 151 156 166 170 180 188 191 197 210 212 215 220 237 238 239 240 241 249 287 288 289 290 299
367 368 377 411 427
7 13 17 18 26 43 50 55 56 59 84 271 396 401 404 405
414 419
52 58 80 93 95 116 119 121 138 140 144 147 159 246 250 296 300 309 382 384
58 117 254 277 376 378 432 433
12 31 36 37 49 52 76 79 389 391
97 418
62 91 92 95 99 100 115 118 123 124 127 128 130 135 136 143 148 157 162 166 167 168 190 196 219 225 226 231 234 235 236 245 283 284 286 294 295 297 306 307 308 310 311 312 313 383
121 257 258 259 260 261 274 275 281 357 359 415 416 425 431
25 30 41 48 60 66 67 78 262 263 264 265 270 408
413 422 424
58 86 95 109 110 123 125 128 137 152 173 175 195 217 227 244 248 260 286 293 298 305 318 320 328 329 352 380 381 385
256 276 355 356 358 362
349 435 436
8 19 20 24 33 34 35 69 80 82 83 248 268 398
88 96 103 123 126 142 145 155 173 175 204 205 243 292 304 317 324 326 327 332 334 335
179 254 255 360 366 373
5 15 16 23 29 45 46 47 62 73 81 137 254 267 392 393
71 87 103 114 115 120 124 129 139 145 150 154 161 172 184 189 198 208 211 242 247 282 291 303 308 316 323 324 325 331
123 253 254 256 342 345 430
439 440 441
6 44 53 65 75 123 308 399 402 410 444
340 341
90 91 113 114 131 132 186 187 229 233 302 315 333
135 252 279 343 344 354 412
1 58 63 241 388 390
338 339
108 121 122 130 134 143 149 171 176 219 301 314 319 322 330 379
172 251 363 370
112 434 442 443
22 25 32 54 62 210 266 395 396 406 409
104 117 123 131 146 151 158 174 175 177 185 218 321 352
254 346 347 361 372 429
4 21 269 351 397 403 407
336 337
87 102 113 121 128 129 135 145 157 170 173 199 201 250 282 296 310
58 258 362
15 25 29 43 47 51 52 65 78 79
94 95 101 114 119 126 128 141 147 150 152 153 166 172 176 198 200 209 215 220 221 222 228 233 234 249 292 298 299 311 315 320 324
257 260 347 356 366 373
348 349
4 6 34 36 42 53 64 73 178 179 263
339 340
86 91 95 100 114 124 127 136 140 149 155 156 174 187 190 195 196 207 216 218 219 229 231 232 236 237 238 239 240 241 242 243 244 245 246 260 295 305 353
130 259 350 355 359 361 367 369 370 371 372 376
2 3 10 18 19 22 28 33 35 39 40 41 49 57 61 62 63 67 68 72 84 262 264 270
104 107 115 118 121 122 124 139 143 147 148 151 165 173 204 213 226 227 293 297 352
172 254 255 256 261 276 344 358 368
9 12 20 60 62 210 241 254 264 268 269 271 272 351
95 96 102 103 109 116 123 130 131 134 142 168 171 172 186 235 248 302 303 309 317 323 331
252 253 275 346 364 365
32 38 56 59 66 75 266
98 123 185 189 191 192 205 206 219 304 308 316 321 327 333
256 274 345 375
21 81 265
93 106 114 117 123 125 138 145 146 161 166 173 175 194 203 211 212 224 225 247 284 326 328 381
251 254 277 278 279 354 360 377
24 37 45 46 48 58 77 241
99 103 110 123 131 137 144 151 162 175 181 182 184 192 193 208 210 223 283 286 289 325 380
179 342 363 374 378
1 11 50 54 55 74 267
52 89 120 128 130 143 147 158 175 197 214 290 308 324 379
135 357
14 17 80 85 137
62 80 91 97 105 123 124 133 143 145 154 159 167 169 173 175 177 183 288 294 301 306 312 313 314 318 319 330 332
236 343
5 7 8 13 23 27 71 83 248
62 80 91 113 115 132 158 160 188 282 286 287 307 322 334 335 382
280 281
31 69 70 82 123 273
58 88 90 92 95 108 180 202 217 230 285 291 300 329
16 26 30 44 76
91 96 123 126 130 131 143 148 176 177 225 230 248 284 292 296
251 276
16 20 51 73 77 241 264 268
86 91 95 103 110 125 138 150 181 184 185 190 191 192 226 236 249 291 295
1 7 8 26 29 46 62 273
100 102 107 116 130 131 135 143 145 174 189 216 228 238 245
255 261
2 10 13 14 15 18 21 50 54 72 76 84 178
52 88 99 101 114 115 123 140 142 143 154 155 156 159 183 188 193 235 240 243 247 289
257 277 278
56 61 66 71 263 267
91 119 128 137 139 144 167 173 175 224 242 283 293
256 259 275
19 64 67 70 82 83 210 262
95 118 127 147 158 160 172 227 234 288 290
12 24 25
62 80 90 93 95 102 109 124 129 132 141 147 153 187 195 219 220 221 232 241 246 294
3 42 43 48 59 60 75 81 85 269
105 106 136 182 186 229 239 244
252 253 280
5 27 28 39 40 41 52 68 74 266 272
92 94 113 120 123 124 134 146 147 152 171 180 192 194 213 214 218 222 231 233 286
254 258
11 38 57 58 78
97 163
80 87 121 151 161 166 168 170 173 174 196 197 207 208 215 250 285
17 37 45 47 65 270
89 97 113 114 117 124 133 158 165 172 203 204 205 206 209 210 211 212 223 237 282 287
4 6 9 22 23 31 32 35 36 44 49 53 63 69 80 123 179 264
62 98 103 104 108 115 122 123 128 149 151 157 162 169 198 199 200 201 202 217
260 274 279 281
30 33 34 55 79 241 265 271
91 99 123 124 128 130 131 137 138 156 166 170 176 180 192 194 199 200 208 210 211 216 218 219 230 237 238 239 294 298 302 307
13 19 36 50 60 74 75 78 85 178 270 271
87 91 92 101 103 114 122 128 132 133 140 142 143 172 173 174 190 226 236 240 243 248 249 282 290 295 305 314
1 12 15 21 22 25 26 56 67 264
118 153 171 182 196 223 300
256 281
2 29 45 55 58 62 81 123 262 263
52 80 91 94 114 117 123 124 127 145 147 158 175 184 192 204 225 235 246 313
4 5 44 51 272
113 128 146 174 177 206 207 214 215 222 241 242 244 283 287 297 312
254 255
9 42 43 54 57 65 77 80 82
62 80 95 105 106 121 131 231 288 289 311
279 280
8 41 49 83 241 267
163 164
86 91 102 110 120 126 134 135 139 144 150 151 155 166 191 198 284
253 274
3 10 18 40 53 59 66 73
93 123 149 162 169 285 306 308
24 34 35 48 61 71 72 241 264 269
90 96 97 98 102 103 113 116 152 165 167 187 188 189 193 202 205 212 213 220 229 292
23 64 70 79 179
104 114 129 130 151 158 161 183 185 186 201 203 228 291
20 28 38 39 69 210 265 268 273
62 88 89 115 123 125 136 148 160 181 221 227 233 234 245 286 299 315
251 257 258 259 260 261 275
6 7 14 16 17 27 30 31 52 68 266
95 100 107 108 109 119 124 141 143 147 154 157 159 168 172 173 195 197 209 217 224 232 247 250 293 296 301 303 304 309 310
58 252
11 32 33 37 46 47 63 76 84
62 80 89 93 95 96 114 123 128 133 136 173 191 223 240 248 283 286 291 314
2 3 10 25 26 31 63 65 79
88 99 124 129 130 137 158 172 216 234 238 293
11 35 36 41 45 62 71 74 76 210
95 113 119 128 149 160 186 187 219 243 292 295 313
251 276 279 280
15 28 30 43 48 61 75 264
52 87 91 95 104 110 143 147 169 173 185 193 196 203 206 228 232 237 285 287 294 301
58 254
23 47 57 73 84 123 273
98 101 135 151 166 180 182 222 227 230 247 289 298 322
18 21 22 46 264 270
105 123 143 152 154 155 171 181 188 190 195 198 205 208 218 231 233 236 239 300 321
13 34 40 68 81 83 263
91 108 115 116 123 142 159 165 194 204 226 242 299 303 305 307 308 311 318
257 281
16 56 60 82
91 94 95 102 123 125 126 128 130 148 172 176 250 306 317
252 255 261
24 33 39 178 268
107 109 115 118 123 124 132 145 150 156 170 175 229 284 320
14 17 20 37 44 59 64
103 114 141 157 173 192 199 201 209 211 224 297 302 309 310
254 277
7 29 50 53 70 267
86 91 103 114 120 121 134 143 146 153 161 162 166 167 183 197 200 207 210 213 217 221 225 235 241 244 245 282 286 288 290 312 315 319
259 274
4 9 19 38 72 241 262 265 269
163 164
80 90 92 97 100 102 106 113 117 121 122 124 127 131 138 139 140 144 147 151 158 168 174 177 184 189 192 202 212 214 215 219 220 246 249 296 304 316
253 260 278
1 5 6 8 12 27 32 42 49 51 52 54 55 58 66 67 69 77 78 80 85 179 241 266 271 272
62 71 87 88 103 104 117 124 130 131 134 136 137 138 150 157 173 186 193 224 225 242 286 289 303 320 335 382 385 477 478 482 497 601 603 604 605 616 617 709 710 712
121 179 359 360 432 433
12 19 48 52 54 56 61 76 123 137 172 198 231 262 268 289 438 451 458 462 632 635 646 660 663 664 666 672 673 674 714 725 731 742
341 413
62 86 92 100 101 102 107 116 123 127 128 129 165 168 170 174 175 176 183 184 204 236 240 244 245 288 325 328 331 380 479 484 594 602 611 614 620 622
280 344 370 371 372 373 374 416
11 38 41 42 47 49 74 75 77 78 122 178 235 241 391 404 467 470 620 631 639 640 651 670 683 702 721 728 733 735 746
111 417 422
14 52 58 99 123 124 125 126 130 139 145 154 158 167 181 182 192 199 208 209 210 212 220 223 244 287 302 306 318 319 469 483 491 496 499 500 501 502 503 504 505 506 507 508 578 579 580 581 582 583 584 585 586 587 588 589 590 591 628 711
172 251 255 257 259 260 275 343 346 377 412 415 430 431
349 435 443
7 8 9 10 20 46 62 73 85 271 393 397 398 451 456 457 460 472 562 634 639 652 658 667 671 680 688 690 691 705
337 339
418 419
37 95 106 110 114 124 133 143 146 160 172 173 174 180 191 203 207 211 228 275 286 290 292 306 334 356 384 486 495 555 556 557 558 559 560 561 562 563 564 565 566 567 568 569 570 571 572 573 574 575 576 577 592 597 601
342 350 356 358 375
112 145 348
6 34 35 36 37 53 57 58 63 71 72 145 266 324 396 408 633 642 675 677 682 689 704 707 708 718 740 745
93 95 109 119 128 147 149 171 190 209 214 215 216 217 222 233 243 245 293 294 301 308 309 310 314 315 316 317 324 330 333 352 475 476 485 490 538 539 540 541 542 543 544 545 546 547 548 549 550 551 552 553 554 595 602 604 610 613 614
123 236 254 256 357 369 427 428 429
5 13 17 18 33 52 84 123 265 452 453 454 455 465 603 630 653 662 678 686 751
62 98 114 121 148 153 172 198 202 209 232 241 243 247 248 297 307 308 353 383 444 481 489 498 531 532 533 534 535 536 537 593 599 607 621 627 629
253 274 355 367 368 412
23 32 52 62 83 264 273 395 396 403 445 459 472 575 636 640 641 649 694 695 696 698 700 703 717 723 726 738 744
80 90 95 114 115 123 132 142 143 147 175 185 228 246 295 296 300 323 332 353 525 526 527 528 529 530 609 612 619
117 124 135 261 347 366 376
440 441
16 29 30 31 55 70 82 215 244 264 268 308 389 402 444 466 467 469 470 471 472 560 645 650 661 679 702 750
113 123 139 140 145 151 152 173 200 219 230 237 291 322 379 496 520 521 522 523 524 598
254 364 365
21 25 39 45 68 69 123 380 388 390 394 407 457 468 638 654 676 685 693 734 737 739
164 421
62 91 97 108 118 122 123 145 159 172 173 175 196 197 210 229 250 260 285 313 321 352 487 488 494 514 515 516 517 518 519 591 606 618
258 276 277 278 279 426
3 4 14 22 24 40 59 66 67 146 198 400 447 451 463 466 473 474 637 643 647 656 665 701 724 736 749
163 386 387
96 105 144 156 162 166 169 170 188 189 195 205 219 282 305 312 327 469 513 596 597 615 623 626 713
58 254 354 425
435 438
26 28 44 60 65 80 179 254 269 270 399 410 450 461 464 659 684 692 715 727 730 732 747
58 91 95 102 103 113 114 115 120 121 124 128 131 135 141 155 158 194 226 234 239 249 299 304 326 329 381 511 512 614
130 378
25 43 64 81 123 210 231 272 351 401 406 446 455 463 644 649 668 669 681 697 706 716 722 741 743 752
423 424
58 80 89 91 94 121 140 147 151 158 161 166 170 172 177 187 192 201 206 213 218 221 227 231 235 238 241 283 284 298 311 480 492 493 509 510 600 608 609 624 625
252 281 345 361 362 363 411
1 2 15 27 50 51 62 79 230 241 248 263 267 392 405 409 448 449 648 653 655 657 687 699 719 720 729 748
163 418 419 424
114 120 121 123 130 139 140 174 204 205 210 214 215 226 243 246 247 260 444 516 573 588 590 600 620 627 781 868
358 369 427 626 991
442 443
11 32 33 58 63 137 172 173 254 289 351 391 396 405 471 575 654 659 678 692 748 773 795 799 814 839 862 896 910 962
80 95 96 97 103 117 121 131 143 147 150 162 173 203 225 231 244 283 303 308 319 333 546 584 586 587 591 599 604 614 616 626 713
123 135 280 367 368 432 433 853
30 31 34 36 40 49 51 52 60 69 80 264 399 463 470 637 638 653 667 668 671 676 677 691 714 715 735 736 739 756 770 778 809 849 867 873 895 902 906 915 949 952
62 94 104 116 123 129 157 158 161 172 175 185 186 202 224 382 520 545 572 597 598 601 709 710 711
278 279 987 993 999 1003 1008
8 29 52 53 68 235 458 469 470 652 653 675 732 733 734 786 816 819 825 834 852 877 883 885 886 903 926 947
62 91 92 93 145 173 184 201 206 236 294 314 331 352 492 499 549 580 597 623
124 236 258 431 755 976 990 994
16 38 39 46 55 59 62 68 123 199 237 380 394 400 631 636 649 662 666 708 728 729 730 731 742 746 791 799 816 821 864 879 881 898 946 959
91 103 106 149 177 183 200 213 223 302 308 312 317 320 480 495 496 544 567 568 603 621
137 257 350 354 981 1012
7 14 15 62 68 121 123 145 266 271 324 390 406 530 640 651 680 686 693 702 707 727 761 788 790 810 818 846 847 871 872 943 955
341 422
90 117 123 139 198 199 209 228 241 245 324 380 381 469 476 487 523 534 543 557 585 591 593 607 609 619 628
255 256 344 347 372 996 1002
25 52 58 237 467 468 472 620 640 649 650 657 658 674 713 726 775 787 799 815 824 830 845 851 875 909 912 913 924
97 421
89 101 102 115 118 119 121 123 143 151 171 172 173 176 197 209 275 288 289 296 306 311 322 325 328 330 332 502 512 513 527 532 533 542 579 583 589 592 604 606 611 870 972
121 179 254 346 366 371 430 850 975 985 986 988 992 1001 1007 1009 1010 1011
145 437 438
10 35 44 45 48 50 61 80 122 175 210 237 239 248 262 263 264 265 389 392 393 404 410 453 454 457 466 469 620 635 639 648 655 665 673 676 685 704 705 706 723 724 725 738 741 745 747 752 753 757 768 769 777 794 796 804 811 813 820 823 844 846 854 861 864 872 874 878 882 884 889 891 892 904 910 914 919 923 930 937 939 950 951
62 86 87 88 91 100 114 128 130 136 137 138 145 147 166 170 173 174 195 196 222 229 230 237 241 242 243 244 245 293 316 324 329 475 497 498 501 505 506 507 515 519 521 541 552 555 556 566 570 571 574 595 596 613 614 615 622
275 276 277 345 355 357 370 374 415 416 425 429 581 979 983
6 25 26 27 28 48 56 57 62 66 67 145 172 198 215 241 268 270 380 388 397 398 402 403 450 451 452 455 456 464 465 560 614 632 646 647 664 670 679 684 690 702 721 722 755 760 763 783 787 793 801 802 808 837 838 840 843 866 887 888 901 916 920 927 928 930 931 935 936 938 940 942 944 945 964 965
336 968 970
386 387
58 71 95 99 113 124 125 126 127 135 145 155 156 168 169 170 172 175 208 209 221 282 286 287 295 306 308 310 323 379 478 491 496 510 511 524 525 540 547 551 554 576 594 602 609 610 779 780
48 236 251 252 253 281 344 359 378 455 978
112 349
5 12 23 24 58 63 64 65 83 84 85 123 211 230 231 449 451 455 490 562 661 679 681 700 701 702 703 718 719 720 757 772 776 792 798 806 812 822 836 841 846 848 858 880 890 896 908 911 912 915 917 963 967
111 414
58 80 108 109 110 114 128 133 134 144 148 167 173 192 193 194 218 220 227 235 301 307 313 315 318 321 326 327 335 353 356 469 485 486 494 509 514 518 522 526 529 531 537 538 539 553 564 565 591 602 605 608 618 712
130 172 274 364 365 412 428 973 977 998 1006
434 435
4 9 13 22 43 47 62 80 81 82 123 146 172 198 210 231 241 257 267 403 409 438 446 447 448 451 457 461 462 463 472 473 603 634 639 644 645 656 669 672 696 697 698 699 717 740 743 744 758 762 765 767 774 789 797 813 815 817 829 831 842 855 859 860 863 864 865 876 890 897 899 915 922 929 934 953 957 958 960
164 413
37 91 98 102 105 107 122 123 124 142 143 147 152 153 154 158 160 166 170 173 182 190 191 207 210 212 217 219 228 233 234 239 240 250 282 285 286 292 297 298 299 300 304 305 309 352 385 477 479 481 484 490 493 500 504 528 536 548 550 558 560 561 562 563 569 575 577 578 601 612 625 782
58 117 254 261 356 361 362 363 375 376 377 411 412 989 1000 1005
3 19 20 21 42 54 73 74 75 76 77 78 79 123 236 241 244 268 269 273 308 396 444 445 460 474 614 630 633 643 660 663 666 683 688 694 695 716 752 754 756 759 771 782 784 785 800 801 805 807 810 813 826 827 833 850 853 856 857 887 894 905 918 921 925 941 945 961 966
14 52 113 114 121 124 131 132 140 141 146 151 159 165 172 175 180 181 187 188 189 192 211 216 219 232 238 248 249 284 290 291 334 353 383 384 482 483 488 489 503 508 517 530 535 559 581 582 617 624 629 869
256 259 260 342 343 360 373 426 974 980 982 984 995 997 1004
1 2 17 18 37 41 56 58 61 62 68 70 71 72 80 82 123 146 172 178 179 209 264 272 395 401 407 408 459 467 472 630 641 642 659 682 687 689 695 701 737 749 750 751 764 766 789 793 796 803 821 826 828 832 835 856 872 880 893 894 900 907 932 933 948 954 956
338 339 340
97 111 341 387 1076
58 91 110 121 123 128 130 132 139 151 155 158 165 166 172 186 187 188 195 209 210 215 216 227 246 247 286 287 293 385 483 484 501 502 503 504 507 522 542 559 564 585 588 591 594 614 624 709 710 711
359 986 1006 1020 1024 1025 1029 1031 1105
229 268 1092 1102
112 435
10 11 37 39 40 41 49 73 74 123 198 199 209 210 235 264 268 289 391 393 401 403 438 455 457 466 469 470 530 631 632 633 634 639 643 651 659 661 662 663 671 676 679 702 721 724 740 750 755 759 760 769 771 773 793 794 803 834 848 861 864 865 880 886 901 912 914 915 922 927 928 939 961 963 1038 1044 1054 1063 1068
164 419 423
58 96 102 103 109 121 123 128 129 140 141 149 150 157 158 170 171 173 184 185 192 200 208 213 214 226 285 292 308 379 383 469 488 500 526 533 535 560 583 584 587 589 595 601 606 713 870
117 279 353 354 371 944 978 992 1005 1019 1104
434 435 436
15 25 26 62 70 71 72 80 82 210 230 262 263 267 380 402 409 455 456 457 458 603 614 630 642 670 682 708 713 715 717 754 757 768 775 789 792 799 824 828 830 850 879 883 888 889 892 894 896 907 908 912 916 1042 1057 1072
163 417 418
86 95 100 101 108 127 142 147 148 161 162 174 183 224 225 243 244 245 296 316 326 353 374 382 444 498 499 509 521 536 541 544 555 562 565 566 582 621 712
172 236 256 350 370 375 376 377 433 974 975 982 984 988 1012 1013 1083 1103
9 14 22 23 24 36 48 68 69 123 146 175 237 324 380 392 453 454 469 630 641 659 660 666 681 700 707 725 728 749 757 765 787 792 802 817 825 826 827 845 847 864 872 880 881 888 890 898 906 915 921 926 930 932 940 941 951 952 953 954 955 1039 1050 1055 1071
58 94 124 126 130 131 154 173 180 181 182 193 194 206 207 209 211 212 221 222 223 244 353 489 497 505 506 511 519 530 531 532 540 543 556 579 580 581 599 600 611 614 620 629 779
121 124 130 179 268 426 581 977 991 997 998 999 1009 1011 1023 1026 1081 1087 1091 1107 1111 1112
1096 1101
7 8 13 19 20 21 32 33 52 58 62 67 68 80 81 84 85 123 215 241 389 399 400 404 452 459 467 472 620 638 639 640 646 649 658 667 668 669 674 679 694 695 722 739 744 764 767 783 788 791 798 813 815 820 833 838 882 885 896 900 936 937 945 966 1034 1053 1064 1065
93 99 102 107 114 117 139 147 169 174 205 209 210 241 242 243 284 289 323 324 352 381 384 481 482 487 496 514 518 529 550 551 577 578 591 592 593 596 597 598 603 619 628 781 782
135 137 203 254 261 278 364 365 366 367 368 369 374 412 415 416 431 432 1008 1016 1027 1082 1089 1106 1109 1110
6 18 27 28 31 35 45 46 51 52 53 58 61 62 66 78 79 121 123 172 198 239 244 254 388 408 446 447 448 449 450 451 465 472 575 637 645 653 666 673 687 701 723 733 751 756 763 770 772 776 777 785 793 796 797 801 807 810 813 816 819 822 826 829 843 844 849 851 858 893 894 905 920 949 950 957 1047 1070
968 970 971
386 414 422 424
62 71 91 95 123 124 125 128 137 138 153 168 170 175 217 219 220 228 236 237 238 239 240 283 291 294 295 301 302 303 314 318 319 327 479 480 486 496 510 591 605 610 618
58 123 236 258 259 260 276 277 342 345 346 347 350 356 357 358 360 361 362 363 372 373 422 990 1004 1010 1018 1028 1033 1079 1080
17 34 44 47 61 62 63 64 65 80 179 257 266 268 308 390 397 398 406 444 445 451 463 464 636 665 680 685 686 704 705 706 727 730 741 743 753 756 757 787 790 811 832 842 846 855 875 895 897 899 904 918 919 931 943 960 965 967 1035 1037 1041 1048 1056 1062
413 421
14 80 90 91 95 97 98 105 106 117 118 119 120 121 122 123 124 134 135 136 143 160 166 167 170 172 173 177 192 204 219 232 233 234 235 275 290 307 308 313 315 325 469 475 476 477 478 494 495 516 517 524 525 527 528 576 586 608 609 972
123 172 254 256 257 275 343 344 350 355 378 412 429 430 455 995 1002 1022 1030 1084 1108
5 12 30 38 56 58 62 122 137 145 178 193 237 241 265 351 405 461 462 470 560 635 656 657 664 699 714 716 720 793 796 818 837 840 841 853 860 863 877 887 930 961 1036 1052 1069
62 89 91 113 114 115 116 145 152 170 172 175 197 198 199 203 218 229 230 231 241 282 298 299 300 306 309 310 317 322 331 333 334 335 353 356 492 493 513 515 520 539 548 549 554 561 563 575 602 604 617 869
178 251 252 253 254 255 274 411 879 983 1000 1001 1007 1015 1031 1086 1090
441 442 443
42 43 52 58 60 62 63 68 76 77 80 82 83 145 146 172 231 241 273 394 395 396 407 463 466 472 473 474 649 650 654 655 677 678 684 698 729 732 734 736 737 742 752 758 782 787 789 795 806 809 812 815 821 836 846 850 859 862 871 872 874 876 878 880 891 910 924 935 964 1049 1059 1061 1067
336 339 340
58 88 92 103 121 123 140 143 156 159 173 228 250 282 297 305 312 329 330 352 372 485 491 512 523 546 547 574 604 607 609 615 616 622 623 625 627
256 755 976 993 996 1014 1021 1078
3 4 57 58 59 75 124 236 241 272 403 620 653 693 696 697 702 703 719 738 745 747 784 854 857 867 903 913 925 942 944 954 956 958 1040 1051 1073
337 338
37 62 104 114 133 172 173 202 260 311 324 380 490 538 553 558 569 570 571 572 573 590 597 601 602 614 626
48 281 425 428 626 853 893 981 987 989 994 1077 1088
654 1094 1098
437 439 440
1 2 29 56 123 172 173 211 264 269 270 271 353 490 614 630 640 644 652 672 688 692 695 701 726 748 752 757 762 766 778 786 790 801 805 813 821 823 844 852 856 873 887 890 901 902 910 915 917 934 939 945 947 948 962 1045 1046 1058 1066
52 87 113 146 173 175 176 190 191 196 249 286 288 304 306 308 321 328 508 534 537 545 552 568 613 780
83 254 427 850 973 1003 1017 1032 1085
16 25 55 231 248 460 468 472 562 648 676 682 683 690 691 800 804 808 810 816 828 835 839 856 872 884 909 910 911 915 923 933 938 946 959 1060
80 123 131 144 145 158 189 201 248 320 332 557 567 612 868
280 344 350 884 979 980 985
145 1093 1100
48 50 52 54 290 410 457 467 471 630 647 675 689 718 731 735 746 761 774 799 813 814 831 866 929 1043
37 58 62 89 90 91 95 97 117 121 123 140 141 142 148 149 159 166 171 172 173 175 177 189 222 226 228 244 245 260 308 328 334 479 481 487 488 493 505 509 513 516 534 538 541 560 571 580 585 594 605 713 781
124 172 258 279 344 350 363 375 376 377
145 439
6 19 35 36 42 52 53 65 66 67 70 123 172 178 179 241 264 445 447 455 463 464 468 640 647 649 670 678 695 707 708 715 725
58 87 88 91 98 106 113 121 138 139 147 165 170 187 188 203 204 205 219 233 234 237 238 242 243 323 324 325 333 353 379 380 381 496 508 514 522 536 540 542 557 559 573 579 582 590 592 712 779
117 342 343 364 415 432
348 349 437 438
15 17 20 25 62 64 69 76 123 146 215 244 248 262 263 264 267 389 393 398 402 406 408 473 632 637 653 672 681 701 722 767 773 785
339 340
97 164
80 95 96 99 114 122 124 131 135 136 137 153 168 169 170 173 176 183 184 185 186 206 210 219 241 297 298 310 324 332 353 484 491 498 518 525 526 563 570 591 593 602 609 614 622 625 710 780
179 254 256 257 357
5 14 16 21 34 38 62 63 75 78 198 241 272 273 289 390 449 450 451 467 630 652 658 671 687 691 699 702 717 723 743 762
58 62 116 121 133 134 151 182 209 224 225 232 284 294 295 296 303 306 308 330 352 477 486 496 499 535 548 568 595 604 608 613 619 627
58 412
4 13 33 37 51 61 74 123 145 230 254 351 391 399 410 454 457 575 640 645 669 682 686 694 752 770
111 420
14 80 86 102 105 115 120 124 130 131 132 143 145 158 167 202 208 215 216 217 218 231 243 245 283 293 308 309 313 329 356 385 444 476 497 500 501 503 511 512 523 532 537 545 561 565 566 572 575 584 588 600 609 709
260 277 278 361 362 378 425
10 11 12 30 31 32 49 50 77 264 271 396 407 466 470 471 633 639 648 667 668 702 716 727 734 744 748 763 771 784
341 414
94 101 114 128 145 146 170 174 175 181 193 200 201 214 221 230 244 275 286 291 292 304 305 306 307 321 322 331 384 485 492 515 554 556 567 569 587 591 599 620 629
121 123 236 255 256 356 365
9 29 41 48 52 60 85 198 235 268 270 308 388 395 405 409 458 631 644 689 695 701 704 741 742 745 747 755 774
58 71 91 93 95 100 103 113 114 123 128 129 143 151 152 158 173 174 180 191 192 198 199 213 236 282 290 302 312 319 320 326 327 352 480 495 506 520 528 549 555 558 562 576 589 591 604 621
252 253 254 259 276 359 360 368 411
3 18 26 27 28 59 62 172 241 266 268 324 397 403 446 448 452 453 457 462 463 467 469 560 636 646 651 655 663 664 665 676 677 688 693 737 754 756 764 765 775
163 413 422 424
107 109 110 157 229 249 250 282 288 289 300 301 311 469 475 533 543 581 602 603 610 612 614 616 626
251 275 354 355 412 433
442 443
1 2 25 47 58 68 73 84 231 265 269 394 401 438 459 472 643 657 659 661 662 666 676 679 680 684 698 705 706 731 732 736 761 783
386 387 418 423
62 92 104 119 121 123 125 126 127 139 140 147 150 155 156 161 162 173 190 197 209 212 240 241 247 248 287 316 317 318 502 504 507 517 519 539 546 552 553 574 597 598 607 611 624
346 347 367 430
8 24 40 57 82 83 122 145 210 231 396 466 469 472 603 630 638 641 674 675 721 733 735 750 751 753 757 766 769 772 777
336 337
102 103 108 118 123 130 144 145 172 207 235 239 286 299 314 315 335 483 524 527 529 530 551 577 578 583 601 615 628
130 135 261 345 370 372 373 374 429
7 22 23 56 81 380 451 639 642 653 656 659 660 683 697 700 719 724 728 740 758 768 776
417 421
114 115 143 158 160 172 173 196 211 228 246 383 494 521 531 586 597 711 782
254 274 358 366 369 371
435 440
45 46 55 72 80 380 392 400 444 456 461 470 472 474 635 649 650 673 685 696 702 714 720 738 746 778
52 91 124 154 166 174 192 194 195 220 223 227 285 382 478 482 489 490 510 544 547 550 564 596 606 617 618 623
280 281 416 426 427 428 431
434 435 441
39 43 44 54 71 79 137 241 404 451 455 460 465 562 620 634 654 679 690 692 703 718 726 729 730 739 749 759 760
111 386
58 71 86 88 89 97 98 117 118 119 120 121 122 123 124 129 130 143 147 199 200 209 212 219 228 232 238 244 245 282 298 305 325 333 356 385 478 499 521 532 538 542 551 558 567 594 626 628
179 252 254 255
112 145 442
4 5 6 16 24 28 34 35 37 41 68 70 81 82 85 263 264 265 268 396 399 467 643
97 422
14 62 87 95 99 109 110 121 123 124 125 126 133 141 146 160 173 175 176 181 195 197 209 220 222 237 245 248 249 260 292 297 306 314 315 322 324 334 469 475 477 493 496 497 498 520 531 533 555 562 566 573 589 614
58 124 130 236 254 345 354 357 360 369 373 375 411 432
15 23 36 40 60 62 65 66 84 198 248 270 289 392 401 408 463 466
37 58 80 94 95 96 116 143 145 148 159 167 170 171 175 182 191 194 204 209 216 230 241 243 290 302 303 307 308 310 313 319 332 379 484 501 519 523 527 528 539 546 547 561 564 565 593 614 615
253 260 277 342 347 367 368 372 412 415 430
14 22 26 27 33 39 52 53 59 61 64 67 69 80 123 137 198 210 267 269 351 398 447 448 450 451 452 469 472 630
419 421
58 91 92 93 102 108 115 123 128 131 147 153 154 166 168 170 172 173 175 180 186 192 198 221 226 236 300 301 324 326 331 381 382 469 503 510 524 545 550 556 575 587 602 605 606 623 627
172 344 376
440 441 443
3 17 25 45 51 52 63 83 241 262 264 308 396 462 472 474 637
163 418
62 95 107 124 136 137 139 140 151 156 169 172 202 207 225 229 286 288 299 304 306 328 330 380 483 514 518 537 541 544 552 553 560 588 592 624
135 254 362 363
11 12 13 20 21 32 38 44 49 50 58 79 241 389 410 465 470 634
387 424
95 103 105 106 121 123 127 144 150 158 161 172 173 174 190 241 285 318 353 444 506 512 525 529 540 549 554 557 571 578 590 591 598 599 600 608 610 620 622
280 346 361 366 416 425 426
1 2 10 31 47 48 57 172 179 268 403 409 444 449 455 463 468 639 645
336 339
58 91 103 104 114 124 131 140 145 157 162 173 185 188 189 206 214 231 233 240 312 321 323 335 476 492 496 502 504 585 586 591 595 597 601 616
117 254 276 371
9 18 19 30 43 56 178 273 390 458 471 633 642
164 417
52 101 102 113 115 123 130 143 152 184 201 218 228 235 282 284 291 294 295 308 309 320 329 482 494 522 526 568 604 618
251 256 275 279 343 359 365 378
42 54 55 76 77 78 272 388 391 395 405 407 446 473 632 636
413 414 420
80 113 114 123 132 134 142 147 158 174 183 187 193 211 213 217 224 234 239 242 247 296 308 481 487 508 509 517 530 535 536 543 548 559 563 570 580 584 597 601 612 613 619
257 274 278 358
434 435 437
8 29 46 264 402 404 457 461 631 635 638
62 100 135 149 158 166 192 208 210 215 219 223 283 317 327 352 495 500 505 511 513 534 574 576 577 583 603 609 611 629
121 261 281 356 377 427 429 431
348 438 439
7 75 230 271 394 397 453 460 641
170 246 287 289 293 311 383 384 480 507 515 579 607 617 621
256 350 355 364 370 374
435 436
25 62 74 393 406 438 445 454 644
62 90 91 128 138 145 151 155 165 173 175 177 196 203 205 210 227 244 250 275 286 316 352 353 479 485 486 488 489 490 491 516 569 572 581 582 596 602 604 625
123 258 259 412 428 433
71 72 73 146 254 266 380 400 456 459 464 640
89 102 123 130 131 132 133 143 147 148 151 158 160 165 169 173 174 182 192 194 197 205 209 215 216 220 221 223 226
1 2 3 4 13 14 26 31 40 41 43 52 64 71 76 83 85
87 88 91 95 106 110 113 115 119 121 123 127 145 162 172 181 187 188 204 211 230
9 11 17 18 19 21 24 28 33 34 37 38 39 45 48 56 57 60 61 75 79 84
52 62 80 90 93 94 95 96 97 99 100 103 105 107 108 114 115 116 117 122 124 125 126 128 130 131 136 137 140 142 144 147 150 151 153 154 156 157 159 161 168 172 175 183 184 186 189 193 195 196 200 206 207 212 214 218 219 229 231 232 235
7 15 16 20 22 27 29 30 36 42 47 50 51 62 67 69 70 74 78 80 82 178 179
86 92 98 101 102 103 104 109 113 114 118 123 124 129 134 135 139 141 143 146 147 149 152 155 167 170 176 185 190 191 199 203 208 213 222 224 225 227 234
5 6 8 10 12 23 44 46 49 53 55 58 59 63 65 66 68 72 73 77 81
62 120 124 138 166 171 177 180 198 201 202 210 217 228 237
25 32 35 54
173 233
236 238
