1 6
11 14
8 13 14
7 8
3 8
6 9
9 28 30
9 11 20
2 24 27
10 19
9 15 21
9 25
13 26
14 26
24 32
8 22
15 29
8 9 33
3 7 14
6 17
31 34
6 7 8 9 41
27 38
8 49 50
8 22 51
11 51
2 44
9 13 21 42
15 20
24 40
15 30
1 9 44 46
24 36
17 29 37 45
3 14 26 28
8 33
20 58 79
40 41 44
9 26 52 65 92
8 13 51 52 84 92
91 98
33 37 52 92 100
15 35 56
27 30 38 44
15 21 30 31
34 53 87 110 112
9 11
24 44 47 77 97 113
9 42 49 72 78 92 95 105 111
43 89
24 72
61 113
3 8 62 75 80 85 88 94 104
5 76 92
2 52 57
8 26 29 44 69
82 103
27 32
4 24 36 72 101
1 7 8 46 74 86 113
51 63
45 56 90
54 97 107
55 61 97
9 15 22 59
26 39 44 79 96
25 51 97 113
68 71
64 81 115
6 9 14 17 28 50 52 60 67 83 93 97 102 114
51 189
36 38 97 184
44 92 133
92 210
43 103 120 186
71 122
30 40 44 101 143 178 219
16 113
8 15 22 37 52 83 97 100 102 104 122 156 178 183 216
48 79 153
15 63 65 97 191 222
12 68 79
106 109
2 23 55 72 123 167
7 8 15 26 29 41 45 95 110 140
35 44
54 203
20 56 98 120 176 177
24 72
70 117 154 223
13 119 125 150 155 180 188
11 56 91 213
24 27 47 136 161
3 21 42 92 93 111 122 135 141 172
26 79
24 157 209
121 152
1 40 44 50 52 192 201
175 200
79 226
97 158 190 202
9 28 34 51 52 53 78 84 85 90 112 127 137 179 203 212 221 225
35 113 139
57 166 187
14 17 46 74 75 94 110 113 132 138 160 178 198
92 96 130
97 182
9 51 52 58 177 180
81 113 128
56 80 112 131 132 134 194 208 211 215 217 220 224 226
5 195
141 150 206
9 51 60 62 86 105 147 149 218
14 25 82 92 99 116 127 159
4 64 77 115 118 145 165 171 227
67 88 126 170 179 197 199 228
26 51 89 144 146 148 163 164 207
27 129
52 61 174
6 8 9 30 31 33 49 59 69 72 87 114 169 196 200 204 205
36 39 76 142 193
18 97 234
14 186 242
2 24 30 38 158 187 202 236 241
1 15 26 29 34 45 75 94 110 125 126 131 141 208 242
97 182 242
20 52 97 98 139 243
4 27 117 209 227
13 31 50 52 80 83 88 92 95 105 119 149 211 215 228 231 239
9 51 56 58 92 150 163 180 226
232 246
113 176
8 22 46 56 84 97 112 147 188 198 217 221 241 242
35 36 76 92
35 56 103 146 213
24 64 70 123 246
9 14 15 60 67 93 102 104 127 134 160 172 178 179 229
26 44 130
77 143 154 157 174 178
8 92 110 113 122 132 137 140 155 156 180 197 199 242
175 233
26 79 164 176 242
24 71 72
113 190 219 244
21 28 44 51 53 59 85 86 87 111 112 170 183 196
79 124 153
51 63 141 148 159 189 222
23 44 81 101 161 171 184 245
16 108 121 152
92 204 205 218 220 224 225
66 203
11 120 144 191 242
44 57 118 145 165 166
61 187
3 8 37 49 52 62 78 100 138 150 169 200 201
92 142 151 168
15 25
40 72 167 223
89 113
19 242
6 7 17 30 52 72 74 90 132 194 203 216 226
237 238
82 89 99 113 116 230
97 235
10 26 177 240
33 40 41 133 192 230
9 43 65 91 120 177 206 242
12 27 32
36 52 55 97 136
9 42 114 212 241
51 207
47 61 115 128
9 69 135 178 241
5 48 73 193 195 210
20 35 51 82 98 139 243 266 294 299
44 81 92 113
55 64 157 232 236
9 44 52 100 172 200 211 218 262 296 302
35 44
11 176
118 307
9 28 42 45 83 102 196 197 201 205 208 242 300 301
73 92 200 279
18 107 291
43 51 120 191 270
24 38 44 77 228 241
1 6 8 92 112 113 131 188 272 280 286
66 237 238
14 266 303
158 165 171 223
67 94 110 112 125 132 169 225 228 229 241 287 304
92 168 195
54 271
9 242
24 253
174 209 300
40 44 86 92 97 105 110 170 179 213 224 231 239 241 250 279 283
175 193 288 298
25 52 97 159 163 230 273
2 61 166 284
3 9 14 21 30 49 52 104 140 178 198 259 274
26 92 210
9 63 99 141 148 177 206 226 249 279
117 190
176 187
8 45 53 59 80 93 133 141 147 242 250 257 264 309
48 79 96 130 266 280
56 58 91 92 127 150 177 189
106 109
27 40 72 123 143 167 265 277 279 289 308
19 275
56 60 72 74 122 127 150 179 215 217 220 259
36 233
15 56 65 103 113 164 242 258
4 23 36 52 70 113 115 145 178 184 202 248
33 41 51 69 78 87 88 119 122 183 192 203 212 216 241 261 293 309
79 153 279
162 182
116 120 144 186 255 266 279
32 68 285
24 30 81 97 136 187 219 245 297 300
7 8 22 31 34 37 46 85 90 95 111 114 135 149 178 194 204 226 230 242 268
26 51 79 89 207 213 222 228 246
44 47 57 101 161 244 247 252 256 279 300
249 263
50 51 84 199 221 248 250 281 282 290 292 306
5 124 151 250 269
120 146 180 242 260
97 128 154 227 235 246 254 267 278
16 89 108 214 280
8 13 15 17 26 29 62 75 92 126 134 137 138 155 156 160 180 248 250 251 265 305
39 142 275
97 269
273 312 320 345 364
23 57 115 117 118 143 161 187 245 247 265 279 307 320
13 50 69 100 122 131 147 178 217 218 248 268 272 274 306 340
26 39 142 233 298 326
15 51 79 120 146 176 228 303 311
2 24 47 101 128 202 232 278 330
61 214
19 138 249
6 7 8 17 22 87 197 205 241 257 300 318 330 350 356
20 63 98 164 266 270 374
36 123
16 121
9 41 56 84 133 134 150 178 179 344 346 358
96 210 266 279
54 203 237
11 43 99 116 177 213 226
30 136 190
8 14 15 46 59 74 126 132 188 192 216 226 248 286 305 355
5 35 246 250 269 338
182 234
35 51 56 148 150 159 163 279 321 376
71 285
109 295
81 246 300 334 339
89 108 187 319 352
242 263 368
8 42 45 51 52 92 127 155 211 212 224 242 250 287 315 344 353 360 383
79 151 153
97 271
26 141 191 206 242
24 38 227
3 37 44 62 97 110 113 125 199 225 229 259 262 264 282 292 322 369 377
36 92 124
103 207 242 260 322 365
32 381
44 72 157 178 219 236 246 248
10 312
21 28 29 40 45 72 102 104 200 201 215 239 242 251 343 344 351 356
44 200 323
66 107 242
9 25 56 89 91 97 186 222 249 279 294 320 334 342 352 362
24 27
81 113
27 44 64 113 158 165 171 223 241 244 256 267 279 308 317
30 31 33 53 83 90 92 105 149 160 194 196 203 230 250 293 301 310 316 320 321 328 336 347 362 363
79 175 195 316 366
162 291
14 52 58 65 127 230 332 380
4 77 97 167 184 228 300
152 280 341
26 49 60 67 75 85 122 135 170 281 283 296 304 322 333 348 362 367 371
48 76 280 349
113 139 177 189 266 299 324 373
55 174 209 277 284 289 328
15 34 52 80 93 94 111 112 132 138 156 180 204 228 231 242 261 302 313 325 362
73 168 288 331 344
9 120 242 243 255 258 279 312 320 355 370
106 185 378
40 52 61 97 145 154 166 252 254 297 342
1 44 51 78 86 92 95 137 140 169 172 179 183 198 213 220 221 241 250 259 290 309 314 320 343 346 350 375 379
92 130 193 279 354 382
82 92 144 180 246 329 335
79 129
44 173
70 235 352
9 88 110 112 114 119 141 208 241 265 279 280 337 372
203 237 238 269 419
51 79 82 191 230 242 279 321 401 402 414 425 436
24 68
157 178 244 339 442 460
121 276
3 28 30 52 69 95 110 126 137 147 218 264 268 274 309 322 377 397 399 467 488 500
26 326 338 354
54 234 503
9 89 103 120 159 186 226 249 303 334 335 370 376 421 469 470 494 504
300 388 396 405 433 475
280 488
17 49 122 132 140 170 179 194 229 230 250 280 292 302 362 395 414 437 438 447 470 478 487
79 130 153 195 266 269 279 327 382 447 464
56 177 243 270 279 416 430 452 461 464 485 497
72 520
101 143 167 219 245 279 289 308 407
9 31 44 67 80 100 110 112 196 231 259 272 281 293 336 350 371 379 383 385 414 439 464 474 499 525
175 250 275 288
384 431
139 148 213 266 299 329 365 417 456 513 519
32 71
97 123 145 158 166 187 202 209 223 256 300 307 410
42 62 84 160 201 203 224 242 251 262 282 290 347 360 407 414 501 505 524
142 210 316 422 500
58 141 242 255 273 294 312 332 342 362 423 439 456
12 527
81 109 462
24 47 190 247 279 328 342 426 500 502
89 341 488
8 45 46 92 93 149 200 212 213 301 306 343 344 350 420 428 439 450 464 473 507
48 168 298 411 477 487
66 271 291
56 92 116 120 163 189 228 246 324 486 496
173 357 464
44 61 77 81 128 171 235 236 241 254 277 449 522
322 459
34 113 122 127 134 138 169 178 192 211 228 242 296 315 316 346 400 414 419 443 463 464 488
73 92 151 246 323 423 491 495
361 392 509
20 98 120 144 322 355 373 429 432 456 500
113 185 468
23 24 44 57 117 154 161 232 465 521
61 108 113 152 187 464
10 514
8 9 13 40 52 75 83 88 90 92 112 119 132 135 141 172 198 204 217 241 250 300 305 321 362 363 367 389 414 444 454 455 457 493 500 526
76 92 96 193 233 280 349 498 500
9 11 43 113 127 258 266 279 312 320 386 394 412 427 463
253 285
27 30 72 113 115 136 228 248 252 284 320 352 431 472 490 517
14 22 72 86 87 114 155 156 205 225 248 250 257 261 265 320 386 392 419 435 451 458 471 508 510 526
18 97 107 162 404
14 51 91 97 146 177 312 345 352 481 486
36 40 52 97 118 165 227 265 278 317 476
8 15 29 41 97 102 104 111 178 188 239 279 286 313 314 333 346 348 355 356 391 406 448 464
124 331 488
182 359
15 25 63 222 242 260 311 364 374 398
4 184 297 418 510 512
214 518
1 6 15 33 44 52 59 60 92 94 150 183 215 220 259 283 287 304 309 322 353 358 375 408 415 445 466 482
35 344 426 523
26 65 99 164 206 207 322 414 506
27 79 381
92 378 479
55 70 246 267 330 446 473 498 511
16 352 441
26 480 484
51 53 85 105 179 221 226 241 242 250 325 337 340 343 351 386 434 440 453 466 488 492
5 44 92 200 279 366 387
97 242
35 52 150 176 180 242 320 380 387 413 435
403 495
2 38 64 174 300 334 390
176 515
181 249 275
7 8 21 26 37 50 56 74 78 125 131 133 180 197 199 208 216 248 310 318 328 330 350 369 372 416 444 452 464 473 483 489 515 516
36 39 79 409
65 79 177 226 242 246 279 294 374 401 456 464 481
24 72 115 154 279 300 410
14 15 52 140 160 179 198 215 279 328 336 358 385 406 407 443 458
233 327 354
11 56 163 213 258 365 416 485
4 52 101 166 171 190 228 247 248 256 330 407 449
108 341
49 53 56 110 122 137 138 141 147 170 201 220 224 261 280 346 355 386 392 448 450 473
39 79 142 168 387 423 464
98 249 362 413 456 486
92 378
2 47 61 77 136 178 232 241 279 320 433
1 44 83 90 125 149 150 169 200 216 217 228 241 248 251 281 282 287 309 347 416 435 445 447 457 483
5 130 411 487
51 82 97 113 189 242 255 279 320 414 429
24 71
113 117 219 277 475
15 29 44 51 93 133 197 230 265 300 356 414 415 428 439 444 451 482
92 153 331 382 409
242 392
15 26 52 89 116 139 311 312 324 345 355 376 394 402 414
32 285
55 317 426
249 275 368
7 51 52 67 94 110 114 131 156 250 257 343 400 478
35 48 151
9 14 58 91 92 120 164 228 260 320 364 427 461
36 38 40 64 97 145 167 245 265 405
6 8 9 13 22 40 41 42 50 52 74 75 86 92 97 100 104 105 132 155 172 218 248 264 274 283 305 337 346 350 362 367 372 389 414 439 464 488
76 246 250 266 288 338
66 162 238 271 419
35 141 146 177 191 207 329 332 335 342 387 421 430 469
122 381
24 184 227 278 297 334 465
61 176
8 45 46 84 92 95 112 113 119 127 134 178 180 203 205 231 268 286 296 301 304 314 322 330 333 351 362 395 414 419 464 466 467
195 298 326 426
203 234 237
20 25 51 127 270 299 334 370 423 432 435 452 470
27 403
106 173 479
81 157 158 223 235 236 252 289 300 328 342
152 464
9 28 45 88 92 102 126 132 188 196 199 225 315 316 318 325 343 348 350 356 408 438 440 452 453 471
26 36 44 92 175 200 275 279 344 349 366 424 447
269 359 384 404
43 144 159 186 206 222 303 398 463
44 109 464
27 57 97 123 161 165 244 339 446 476
113 319
34 62 72 208 221 250 302 322 353 363 377 455 464 488
316 323
18 97 182 291 431
176 180 230 242 266 321 322 352 380 470
12 68
23 44 187 209 246 352 431 460
280 322 352 459 488
19 26 138 312 484
30 33 59 78 80 85 87 183 211 212 213 229 241 250 262 272 293 320 340 344 369 371 375 386 397 414 464 466 470
79 210 477 488
51 56 99 148 243 273 322 417 436 486
81 113
44 118 143 174 267 284 307 308 396 442 472 473
89 187
240 480
9 17 60 135 192 194 226 242 250 259 292 306 309 310 321 344 362 391 434
73 96 193 422
9 63 103 120 150 279 373 386 412 425 439
30 70 128 202 246 254 388 390 418
3 21 26 31 37 69 111 122 178 204 239 242 250 259 290 313 320 350 360 379 383 399 419 420 437 454 463 473 474 487
124 269 280
97 162 203 503 509
92 98 99 176 242 249 279 324 329 416 417 421 464 485 494
24 27 55 72 165 232 342 449 460 465 490 522 528
113 214
8 13 15 17 40 44 45 92 102 114 132 155 196 262 279 283 287 302 304 313 347 350 355 362 379 408 438 445 488 533 553
246 275 323 326 411 422 523
54 269 392 492
15 56 65 116 180 299 312 320 335 355 362 374 401 456 461 496 500 536
24 71 72
81 357 462 464
64 145 178 184 252 265 277 320 390 396 407 410 433 512 538
393 480
1 9 14 42 52 59 78 80 83 93 125 135 170 180 188 200 216 264 343 350 367 377 383 391 395 397 414 463 492 500 524 554
26 35 48 92 280 349
18 242 271 291 361
9 51 52 58 103 120 226 270 370
68 79 381
44 295
30 52 61 246 256 300 426 446 475 543
187 352 459
9 51 56 60 110 141 192 218 242 250 336 419 455 464 487 499 515
79 382 409 447
79 97 113 148 189 266 320 430 463 470 486 532
101 113 219 245 246 247 472 476 510 511
89 515 518
10 275 484
9 22 30 45 49 53 69 85 95 140 149 160 198 225 248 281 340 344 353 414 457 473 543 555
96 193 266 344 500
97 384 404
14 51 82 191 242 322 342 345 352 414 423 456 513 542
12 32 403 495
92 106
36 40 117 118 154 190 279 289 300 352 388 473 544
19 26
8 21 41 44 50 74 122 126 172 201 220 241 242 272 280 286 344 351 356 371 386 414 434 444 448 464 467 489
36 130 168 279 316
66 545
43 255 266 279 322 332 394 436 439 481 486
27 285
4 47 81 157 161 228 235 297 307 308 317 334 527
7 31 34 46 92 179 221 228 318 320 322 333 346 464 483 488 493 505 516 526 530 552
175 331 426
11 51 63 163 177 228 230 294 303 412
109 468
44 171 202 241 248 279 330 541
16 121 176 488 531
28 33 52 86 87 100 105 131 150 156 197 204 208 224 226 231 241 250 265 282 310 316 343 369 375 386 407 437 450 453 464 473 478 510 515 525 526 552
39 269 279 288 424 477 488 491
182 359
25 120 127 139 159 186 260 312 376 380 387 402 414 456 504
23 158 166 405 442
322 341 441 556
138 263
52 113 133 147 179 194 259 300 301 305 306 314 315 321 322 325 362 400 440 444 482
79 195 200 233 487 495
91 141 144 207 222 242 258 365
57 70 143 227 244 254 534
6 51 72 75 111 178 203 212 213 215 230 261 268 290 309 328 356 385 399 435 451 452 458 464 466 470 500 501 550
5 44 210 387 423 464 498
56 146 164 177 242 266 273 279 312 398 425 429 435 469 470 497 519 549
2 77 174 209 236 267 300 339
152 464
3 26 29 62 84 90 92 97 110 134 169 250 274 293 296 309 330 337 344 348 360 372 414 416 420 428 454 471 507 508 537 555
142 151 366 500 550
107 234 237
20 89 206 246 311 320 334 373 432 506
378 540
24 97 123 128 136 167 278 418
319 488
240 312
67 112 119 122 127 132 137 183 205 229 250 259 292 363 389 392 406 415 439 443 474 539 548
73 92 250
238 431
9 26 35 150 213 243 321 364 386 413 427 452
38 44 97 115 187 223 284 328 431 498 500 502 517 521
37 88 94 104 112 138 178 199 211 217 239 241 248 250 251 257 320 350 358 362 419 447 466 529 546 547 551
76 92 124 153 298 327 338 354
237 361
25 120 144 177 279 364 365 416 421 430 470
123 202 227 246 267 308 328 460 472 517 524 534
9 56 86 102 104 110 112 132 135 147 201 208 225 226 230 241 290 293 309 358 392 397 464 529
327 338 491
107 242
176 177 213 242 386 506
109 295 540
55 158 245 246 300 342 490
518 556
1 3 9 13 22 50 52 60 83 95 112 122 140 150 183 250 279 287 292 322 356 362 414 434 473 525
26 195 200 246 250 387 447 455 464 498 500
54 66
91 98 120 141 146 242 258 270 320 374 427 439 452 456 549
12 71 403 482
468 479
4 24 27 40 166 174 184 187 223 228 320 396 498 512 544
61 152 352
19 312
6 49 51 72 97 194 218 239 241 242 248 250 300 305 310 314 320 344 360 369 372 377 383 385 391 452 453 464 500 516 524 555
92 142 175 193 233 331 344 487
63 242 311 312 324 334 373 401 412 435 536
32 68 129 381
23 36 44 97 145 241 265 405 442 446
121 441 488
242 249
7 8 26 28 30 31 37 41 44 45 67 74 75 94 125 169 179 204 229 268 282 306 316 320 337 344 347 350 363 367 371 379 386 395 443 451 458 463 482 487 515 526 530
279 316 366 500 523
89 139 148 163 207 230 246 299 352 355 370 380 394 398 425 485 513 532
72 253 520
81 378
2 47 72 77 113 128 136 171 235 247 307 317 334 352 407 426 564 565
480 514
78 87 88 92 133 134 137 141 178 203 216 241 242 262 281 283 296 301 313 328 344 362 400 470 478 537 547 552
5 73 130 280 326 424
238 269 404 535
15 35 120 150 279 312 320 322 329 387 423 464 469 561
27 79
38 61 70 81 115 117 232 277 278 279 289 431 433 476 502 527
176 214 464 515
34 44 85 131 228 272 315 435 448 455 464 471 500 505 559
92 279 288 426 477 488
392 503 509
26 56 65 103 186 266 320 321 413 414 456 486 542
30 52 97 154 161 256 284 300 390
26 484
9 29 40 59 69 84 92 127 138 212 220 221 242 259 330 343 428 440 444 445 447 450 464 467 488 515 526 546 555 560
35 36 44 48 96 153 409 422
97 431 545
9 51 99 164 206 260 332 456 519 524
113 357 464
143 167 219 300 475 511 521 528
113 341
14 33 42 45 51 52 111 113 114 149 179 199 250 286 304 375 386 416 419 437 457 466 483 488 507 533 548 551
39 550
234 291
58 82 92 127 191 226 228 266 294 303 342 362 429 455 461 463 470 481 500 504
57 209 236 244 297 410 465 473 500 522 543 557
8 53 62 92 93 100 110 119 126 160 170 180 188 196 200 211 215 231 248 251 257 280 302 322 346 348 351 353 355 356 407 408 414 415 454 464 489 508 539 562
266 275 354 382 423 495
203 271 359
11 14 43 51 52 56 79 97 116 242 249 312 335 376 414 496 497 524
24 118 178 248 330 510
187 276
138 393
8 15 178 198 205 224 250 261 264 265 309 336 340 362 389 414 420 439 464 466 488 501 563
76 151 168 269 323 411
18 162 384 419 492
51 113 159 180 189 243 255 279 322 345 417 436 494 566
44 165 252 254 279 339 388 418 449 541
16 89 108 319 322 459 531
10 177 263 275
8 15 17 21 46 90 105 132 172 192 197 217 250 259 318 325 333 346 350 399 406 419 438 439 492 493 543 550 552
79 124 210 298 349
9 20 222 273 402 432
64 101 157 190 538
80 122 155 156 213 274 321 343 444 474 499 510 553 554
